occurrence_no,record_type,reid_no,flags,collection_no,accepted_name,accepted_rank,accepted_no,early_interval,late_interval,max_ma,min_ma,reference_no
138826,occ,,,11799,Drepanodon,genus,45918,Late Miocene,Early Pliocene,11.608,3.6,4198
150059,occ,,,13293,Lynx,genus,41058,Middle Pleistocene,Late Pleistocene,0.781,0.0117,4412
150060,occ,,,13293,Panthera pardus,species,104158,Middle Pleistocene,Late Pleistocene,0.781,0.0117,4412
150061,occ,,,13293,Panthera tigris,species,104157,Middle Pleistocene,Late Pleistocene,0.781,0.0117,4412
150891,occ,,,13456,Panthera leo,species,46521,Late Pleistocene,Holocene,0.126,0,6077
150959,occ,,,13473,Vinayakia,genus,41082,Late Miocene,,11.608,5.333,6080
150960,occ,,,13473,Megantereon,genus,41060,Late Miocene,,11.608,5.333,6080
153693,occ,,,13907,Leopardus vorohuensis,species,100309,Uquian,,3,1.2,6166
154618,occ,,,13738,Panthera tigris,species,104157,Holocene,,0.0117,0,6145
184136,occ,,,18033,Amphimachairodus coloradensis,species,47842,Hemphillian,,10.3,4.9,3175
184146,occ,,,18034,Nimravides thinobates,species,51147,Hemphillian,,10.3,4.9,6208
184169,occ,,,18036,Machairodus,genus,41059,Late Hemphillian,,10.3,4.9,6209
184233,occ,5372,,18046,Nimravides thinobates,species,51147,Hemphillian,,10.3,4.9,6294
184272,occ,,,18060,Pseudaelurus,genus,41072,Clarendonian,,13.6,10.3,3564
184295,occ,,,18063,Pseudaelurus,genus,41072,Clarendonian,,13.6,10.3,1720
184381,occ,,,18072,Nimravides thinobates,species,51147,Hemphillian,,10.3,4.9,6208
184382,occ,,,18072,Machairodus,genus,41059,Hemphillian,,10.3,4.9,6208
184409,occ,,,18073,Amphimachairodus coloradensis,species,47842,Hemphillian,,10.3,4.9,3715
184431,occ,5442,,18076,Felis rexroadensis,species,46527,Late Hemphillian,,10.3,4.9,3585
184542,occ,,,18086,Nimravides,genus,41065,Hemphillian,,10.3,4.9,3510
184693,occ,,,18097,Amphimachairodus coloradensis,species,47842,Hemphillian,,10.3,4.9,6209
184694,occ,5515,,18097,Lynx proterolyncis,species,46526,Hemphillian,,10.3,4.9,6294
184695,occ,,,18097,Nimravides hibbardi,species,51142,Hemphillian,,10.3,4.9,6209
184934,occ,,,18126,Machairodus,genus,41059,Late Hemphillian,,10.3,4.9,3510
185008,occ,5608,,18140,Amphimachairodus coloradensis,species,47842,Hemphillian,,10.3,4.9,1800
185009,occ,,,18140,Adelphailurus kansensis,species,43735,Hemphillian,,10.3,4.9,1835
185190,occ,,,18164,Pseudaelurus intrepidus,species,51143,Barstovian,,15.97,13.6,3510
185221,occ,,,18165,Pseudaelurus,genus,41072,Barstovian,,15.97,13.6,3239
185230,occ,,,18166,Adelphailurus kansensis,species,43735,Hemphillian,,10.3,4.9,1058
185301,occ,,,18180,Nimravides galiani,species,49164,Clarendonian,Hemphillian,13.6,4.9,2218
185307,occ,5694,,18181,Nimravides thinobates,species,51147,Clarendonian,Hemphillian,13.6,4.9,6294
185308,occ,,,18181,Machairodus,genus,41059,Clarendonian,Hemphillian,13.6,4.9,1132
185416,occ,,,18198,Nimravides thinobates,species,51147,Hemphillian,,10.3,4.9,6208
185563,occ,,,18208,Pseudaelurus,genus,41072,Barstovian,,15.97,13.6,781
185598,occ,,,18209,Pseudaelurus marshi,species,51144,Barstovian,,15.97,13.6,3510
185697,occ,,,18219,Nimravides,genus,41065,Clarendonian,,13.6,10.3,3794
185708,occ,5809,,18220,Pseudaelurus stouti,species,47825,Barstovian,,15.97,13.6,3072
185776,occ,,,18225,Nimravides,genus,41065,Hemphillian,,10.3,4.9,2218
185915,occ,,,18241,Pratifelis martini,species,50657,Hemphillian,,10.3,4.9,1058
186031,occ,,,18250,Pseudaelurus,genus,41072,Barstovian,,15.97,13.6,781
186116,occ,,,18263,Nimravides thinobates,species,51147,Hemphillian,,10.3,4.9,3405
186174,occ,,,18271,Pseudaelurus marshi,species,51144,Miocene,,23.03,5.333,3418
186354,occ,,,18294,Nimravides pedionomus,species,51145,Clarendonian,,13.6,10.3,3564
186369,occ,,,18295,Nimravides galiani,species,49164,Clarendonian,Hemphillian,13.6,4.9,2218
186391,occ,,,18298,Nimravides,genus,41065,Late Clarendonian,late Early Hemphillian,13.6,4.9,3510
186439,occ,6010,,18304,Amphimachairodus coloradensis,species,47842,Hemphillian,,10.3,4.9,6209
186440,occ,6011,,18304,Lynx proterolyncis,species,46526,Hemphillian,,10.3,4.9,3013
186441,occ,,,18304,Adelphailurus,genus,41047,Hemphillian,,10.3,4.9,6209
186721,occ,,,18338,Nimravides thinobates,species,51147,Miocene,,23.03,5.333,3475
186739,occ,,,18342,Amphimachairodus coloradensis,species,47842,Hemphillian,,10.3,4.9,1800
186892,occ,6128,,18359,Felis rexroadensis,species,46527,Late Hemphillian,,10.3,4.9,6294
187142,occ,,,18424,Pseudaelurus intrepidus,species,51143,Clarendonian,Hemphillian,13.6,4.9,1498
187184,occ,6218,,18437,Amphimachairodus coloradensis,species,47842,Clarendonian,Hemphillian,13.6,4.9,6294
187187,occ,,,18439,Amphimachairodus coloradensis,species,47842,Clarendonian,Hemphillian,13.6,4.9,6264
187199,occ,,,18441,Amphimachairodus coloradensis,species,47842,Hemphillian,,10.3,4.9,3504
187239,occ,,,18442,Pseudaelurus marshi,species,51144,Barstovian,,15.97,13.6,3510
187240,occ,,,18442,Pseudaelurus intrepidus,species,51143,Barstovian,,15.97,13.6,3510
187291,occ,,,18443,Pseudaelurus,genus,41072,Barstovian,,15.97,13.6,5714
187507,occ,,,18481,Pseudaelurus,genus,41072,Clarendonian,,13.6,10.3,1706
187571,occ,,,18495,Amphimachairodus coloradensis,species,47842,Hemphillian,,10.3,4.9,1561
187755,occ,,,18532,Megantereon hesperus,species,47843,Late Hemphillian,,10.3,4.9,1064
187884,occ,,,18554,Nimravides galiani,species,49164,Late Clarendonian,,13.6,10.3,1027
188048,occ,6535,,18573,Felis rexroadensis,species,46527,Late Hemphillian,,10.3,4.9,2374
188049,occ,,,18573,Megantereon hesperus,species,47843,Late Hemphillian,,10.3,4.9,1064
188070,occ,6541,,18577,Felis rexroadensis,species,46527,Late Hemphillian,,10.3,4.9,6294
188071,occ,,,18577,Megantereon hesperus,species,47843,Late Hemphillian,,10.3,4.9,1064
188222,occ,,,18601,Machairodus,genus,41059,Hemphillian,,10.3,4.9,1051
188720,occ,,,18713,Amphimachairodus coloradensis,species,47842,Miocene,,23.03,5.333,1179
188789,occ,,,18733,Machairodus,genus,41059,Late Hemphillian,,10.3,4.9,1181
188817,occ,,,18737,Pseudaelurus intrepidus,species,51143,Late Hemphillian,,10.3,4.9,1179
188850,occ,6816,,18740,Amphimachairodus coloradensis,species,47842,Late Hemphillian,,10.3,4.9,1179
188931,occ,,,18755,Pseudaelurus,genus,41072,Late Hemphillian,,10.3,4.9,2245
188932,occ,,,18755,Amphimachairodus coloradensis,species,47842,Late Hemphillian,,10.3,4.9,2245
189142,occ,,,18797,Pseudaelurus aeluroides,species,51141,Barstovian,,15.97,13.6,3295
189338,occ,,,18824,Pseudaelurus,genus,41072,Miocene,,23.03,5.333,3119
189380,occ,,,18833,Machairodus,genus,41059,Hemphillian,,10.3,4.9,3110
189452,occ,,,18845,Pseudaelurus,genus,41072,Clarendonian,,13.6,10.3,1489
189634,occ,,,18888,Pseudaelurus,genus,41072,Clarendonian,,13.6,10.3,2360
189695,occ,,,18900,Machairodus,genus,41059,Hemphillian,,10.3,4.9,2886
189822,occ,,,18935,Pseudaelurus,genus,41072,Hemphillian,,10.3,4.9,3118
190035,occ,7288,,18970,Lynx longignathus,species,46523,Hemphillian,,10.3,4.9,6294
190036,occ,,,18970,Machairodus,genus,41059,Hemphillian,,10.3,4.9,3109
190282,occ,,,19017,Pseudaelurus,genus,41072,Barstovian,,15.97,13.6,3117
190473,occ,7455,,19058,Machairodus,genus,41059,Hemphillian,,10.3,4.9,6198
190819,occ,,,19097,Pseudaelurus intrepidus,species,51143,Barstovian,,15.97,13.6,1826
190984,occ,,,19145,Pseudaelurus intrepidus,species,51143,Clarendonian,,13.6,10.3,1825
191099,occ,7696,,19185,Nimravides thinobates,species,51147,Clarendonian,,13.6,10.3,2339
191321,occ,,,19272,Machairodus,genus,41059,Hemphillian,,10.3,4.9,6333
191629,occ,7890,,19348,Nimravides thinobates,species,51147,Hemphillian,,10.3,4.9,6294
191834,occ,,,19392,Pseudaelurus,genus,41072,Barstovian,,15.97,13.6,2012
192032,occ,30156,,19449,Pseudaelurus validus,species,51148,Barstovian,,15.97,13.6,52057
192161,occ,,,19479,Machairodus,genus,41059,Hemphillian,,10.3,4.9,6198
192189,occ,,,19489,Pseudaelurus,genus,41072,Clarendonian,,13.6,10.3,2012
192310,occ,,,19514,Machairodus,genus,41059,Late Hemphillian,,10.3,4.9,2005
192311,occ,,,19514,Adelphailurus,genus,41047,Late Hemphillian,,10.3,4.9,2005
192606,occ,,,19551,Nimravides,genus,41065,Hemphillian,,10.3,4.9,3626
192836,occ,,,19604,Amphimachairodus coloradensis,species,47842,Late Hemphillian,,10.3,4.9,2893
192891,occ,,,19612,Amphimachairodus coloradensis,species,47842,Late Hemphillian,,10.3,4.9,2381
192892,occ,,,19612,Adelphailurus kansensis,species,43735,Late Hemphillian,,10.3,4.9,2381
192893,occ,,,19612,Pseudaelurus,genus,41072,Late Hemphillian,,10.3,4.9,2381
193157,occ,8442,,19648,Lynx,genus,41058,Blancan,,4.9,1.8,6294
193290,occ,,,19657,Homotherium,genus,41056,Blancan,,4.9,1.8,1584
193351,occ,8482,,19663,Homotherium,genus,41056,Blancan,,4.9,1.8,6294
193352,occ,8483,,19663,Puma concolor,species,46513,Blancan,,4.9,1.8,6294
193392,occ,8500,,19673,Lynx,genus,41058,Blancan,,4.9,1.8,6294
193431,occ,8512,,19702,Miracinonyx studeri,species,46529,Blancan,,4.9,1.8,6294
193443,occ,8514,,19703,Felis rexroadensis,species,46527,Piacenzian,,3.6,2.588,6294
193461,occ,8517,,19705,Felis rexroadensis,species,46527,Blancan,,4.9,1.8,6294
193503,occ,,,19714,Lynx,genus,41058,Blancan,,4.9,1.8,1682
193669,occ,8561,,19746,Smilodon gracilis,species,51615,Blancan,,4.9,1.8,6294
193680,occ,8562,,19749,Smilodon gracilis,species,51615,Blancan,,4.9,1.8,6294
193710,occ,,,19752,Smilodon gracilis,species,51615,Blancan,,4.9,1.8,3567
193731,occ,,,19753,Lynx,genus,41058,Blancan,,4.9,1.8,2615
193750,occ,,,19754,Homotherium,genus,41056,Blancan,,4.9,1.8,2615
193768,occ,,,19757,Miracinonyx inexpectatus,species,45365,Blancan,,4.9,1.8,2623
193778,occ,,,19758,Miracinonyx inexpectatus,species,45365,Blancan,,4.9,1.8,2615
193779,occ,,,19758,Smilodon gracilis,species,51615,Blancan,,4.9,1.8,3567
193780,occ,,,19758,Homotherium,genus,41056,Blancan,,4.9,1.8,2621
193792,occ,,,19759,Miracinonyx inexpectatus,species,45365,Blancan,,4.9,1.8,2623
193812,occ,8585,,19767,Homotherium idahoensis,species,47388,Blancan,,4.9,1.8,6294
193855,occ,,,19786,Puma concolor,species,46513,Blancan,,4.9,1.8,2878
193860,occ,,,19787,Puma concolor,species,46513,Blancan,,4.9,1.8,2878
193877,occ,,,19796,Puma concolor,species,46513,Blancan,,4.9,1.8,2878
193959,occ,8637,,19819,Megantereon hesperus,species,47843,Blancan,,4.9,1.8,6294
194043,occ,8675,,19875,Felis rexroadensis,species,46527,Blancan,,4.9,1.8,6294
194149,occ,,,19911,Homotherium idahoensis,species,47388,Blancan,,4.9,1.8,3118
194174,occ,8734,,19913,Felis lacustris,species,46520,Blancan,,4.9,1.8,6294
194175,occ,,,19913,Homotherium idahoensis,species,47388,Blancan,,4.9,1.8,3118
194214,occ,,,19921,Homotherium,genus,41056,Blancan,,4.9,1.8,1814
194255,occ,8758,,19927,Lynx,genus,41058,Blancan,,4.9,1.8,6294
194394,occ,8807,,19935,Felis rexroadensis,species,46527,Blancan,,4.9,1.8,3585
194419,occ,8813,,19936,Felis rexroadensis,species,46527,Blancan,,4.9,1.8,6294
194420,occ,8814,,19936,Megantereon hesperus,species,47843,Blancan,,4.9,1.8,1064
194486,occ,8830,,19940,Felis rexroadensis,species,46527,Blancan,,4.9,1.8,6294
194530,occ,,,19942,Smilodon,genus,41079,Blancan,,4.9,1.8,1460
194633,occ,8872,,19954,Homotherium,genus,41056,Blancan,,4.9,1.8,6294
194656,occ,,,19955,Megantereon hesperus,species,47843,Blancan,,4.9,1.8,3070
194657,occ,,,19955,Homotherium crusafonti,species,47386,Blancan,,4.9,1.8,3070
194679,occ,,,19959,Homotherium,genus,41056,Blancan,,4.9,1.8,3070
194688,occ,,,19960,Smilodon,genus,41079,Blancan,,4.9,1.8,3073
194947,occ,8944,,20019,Homotherium,genus,41056,Blancan,,4.9,1.8,6294
194985,occ,8949,,20023,Felis lacustris,species,46520,Blancan,,4.9,1.8,6294
194986,occ,8950,,20023,Dinofelis palaeoonca,species,49736,Blancan,,4.9,1.8,2552
195005,occ,8952,,20027,Dinofelis palaeoonca,species,49736,Blancan,,4.9,1.8,6294
195031,occ,8957,,20031,Felis lacustris,species,46520,Blancan,,4.9,1.8,6294
195032,occ,8958,,20031,Dinofelis palaeoonca,species,49736,Blancan,,4.9,1.8,6294
195033,occ,,,20031,Homotherium,genus,41056,Blancan,,4.9,1.8,1309
195070,occ,8967,,20033,Felis lacustris,species,46520,Blancan,,4.9,1.8,3585
195071,occ,8968,,20033,Miracinonyx studeri,species,46529,Blancan,,4.9,1.8,6271
195072,occ,,,20033,Lynx rufus,species,46528,Blancan,,4.9,1.8,3585
195073,occ,8969,,20033,Homotherium johnstoni,species,47390,Blancan,,4.9,1.8,2485
195136,occ,8983,,20050,Homotherium,genus,41056,Blancan,,4.9,1.8,6294
195157,occ,8987,,20052,Homotherium,genus,41056,Blancan,,4.9,1.8,6294
195226,occ,8994,,20060,Felis rexroadensis,species,46527,Blancan,,4.9,1.8,3585
195270,occ,,,20062,Lynx rufus,species,46528,Blancan,,4.9,1.8,2625
195271,occ,9001,,20062,Felis lacustris,species,46520,Blancan,,4.9,1.8,2625
195272,occ,,,20062,Dinofelis palaeoonca,species,49736,Blancan,,4.9,1.8,2625
195380,occ,9035,,20077,Miracinonyx studeri,species,46529,Blancan,,4.9,1.8,1179
195381,occ,,,20077,Machairodus,genus,41059,Blancan,,4.9,1.8,4184
195400,occ,,,20084,Megantereon,genus,41060,Blancan,,4.9,1.8,4221
195422,occ,,,20094,Lynx rufus,species,46528,Blancan,,4.9,1.8,1186
195598,occ,9098,,20116,Puma concolor,species,46513,Blancan,,4.9,1.8,6294
195599,occ,,,20116,Lynx rufus,species,46528,Blancan,,4.9,1.8,1186
195632,occ,9107,,20118,Felis lacustris,species,46520,Blancan,,4.9,1.8,6294
195652,occ,,,20119,Lynx rufus,species,46528,Blancan,,4.9,1.8,1186
195690,occ,9123,,20120,Puma concolor,species,46513,Blancan,,4.9,1.8,6294
195691,occ,9124,,20120,Felis lacustris,species,46520,Blancan,,4.9,1.8,6294
195721,occ,9132,,20121,Puma concolor,species,46513,Blancan,,4.9,1.8,6294
195743,occ,9137,,20122,Felis lacustris,species,46520,Blancan,,4.9,1.8,6294
195744,occ,,,20122,Lynx rufus,species,46528,Blancan,,4.9,1.8,1186
195802,occ,,,20124,Smilodon gracilis,species,51615,Irvingtonian,,1.8,0.3,1186
195866,occ,,,20126,Smilodon gracilis,species,51615,Irvingtonian,,1.8,0.3,1186
195889,occ,,,20127,Smilodon gracilis,species,51615,Irvingtonian,,1.8,0.3,1186
195908,occ,,,20128,Smilodon gracilis,species,51615,Irvingtonian,,1.8,0.3,1186
195927,occ,,,20129,Lynx rufus,species,46528,Irvingtonian,,1.8,0.3,1186
195939,occ,,,20130,Smilodon gracilis,species,51615,Irvingtonian,,1.8,0.3,1186
195993,occ,9174,,20142,Homotherium serum,species,45759,Irvingtonian,,1.8,0.3,6294
196075,occ,,,20150,Miracinonyx inexpectatus,species,45365,Irvingtonian,,1.8,0.3,949
196076,occ,,,20150,Lynx rufus,species,46528,Irvingtonian,,1.8,0.3,949
196214,occ,,,20166,Panthera leo atrox,subspecies,46509,Irvingtonian,,1.8,0.3,3081
196636,occ,,,20272,Smilodon fatalis,species,46515,Irvingtonian,,1.8,0.3,2018
196637,occ,9288,,20272,Puma concolor,species,46513,Irvingtonian,,1.8,0.3,6294
196656,occ,9290,,20273,Puma,genus,41073,Irvingtonian,,1.8,0.3,6294
196657,occ,9291,,20273,Homotherium serum,species,45759,Irvingtonian,,1.8,0.3,2021
196705,occ,,,20281,Lynx rufus,species,46528,Irvingtonian,,1.8,0.3,2254
196736,occ,,,20283,Smilodon fatalis,species,46515,Irvingtonian,,1.8,0.3,2607
196737,occ,,,20283,Panthera leo atrox,subspecies,46509,Irvingtonian,,1.8,0.3,2607
196738,occ,,,20283,Panthera onca,species,46524,Irvingtonian,,1.8,0.3,2607
196739,occ,9306,,20283,Lynx rufus,species,46528,Irvingtonian,,1.8,0.3,6294
196755,occ,9312,,20285,Puma concolor,species,46513,Irvingtonian,,1.8,0.3,6294
196757,occ,9314,,20285,Panthera onca,species,46524,Irvingtonian,,1.8,0.3,6294
196758,occ,9315,,20285,Smilodon fatalis,species,46515,Irvingtonian,,1.8,0.3,6294
196782,occ,,,20286,Panthera onca,species,46524,Irvingtonian,,1.8,0.3,3491
196783,occ,,,20286,Smilodon,genus,41079,Irvingtonian,,1.8,0.3,3491
196784,occ,,,20286,Miracinonyx inexpectatus,species,45365,Irvingtonian,,1.8,0.3,3491
196823,occ,9335,,20289,Panthera onca,species,46524,Irvingtonian,,1.8,0.3,6294
196824,occ,9336,,20289,Lynx rufus,species,46528,Irvingtonian,,1.8,0.3,6294
196825,occ,,,20289,Miracinonyx,genus,257652,Irvingtonian,,1.8,0.3,2623
196855,occ,9353,,20290,Smilodon fatalis,species,46515,Irvingtonian,,1.8,0.3,6294
196856,occ,,,20290,Panthera onca,species,46524,Irvingtonian,,1.8,0.3,6221
196857,occ,9354,,20290,Miracinonyx studeri,species,46529,Irvingtonian,,1.8,0.3,6294
196858,occ,,,20290,Lynx rufus,species,46528,Irvingtonian,,1.8,0.3,6221
196936,occ,,,20295,Panthera leo atrox,subspecies,46509,Irvingtonian,,1.8,0.3,1907
196937,occ,,,20295,Puma concolor,species,46513,Irvingtonian,,1.8,0.3,1907
196951,occ,,,20296,Lynx rufus,species,46528,Irvingtonian,,1.8,0.3,949
196986,occ,,,20299,Smilodon gracilis,species,51615,Irvingtonian,,1.8,0.3,2615
196995,occ,,,20300,Lynx rufus,species,46528,Irvingtonian,,1.8,0.3,949
197046,occ,9399,,20302,Miracinonyx inexpectatus,species,45365,Irvingtonian,,1.8,0.3,6294
197047,occ,,,20302,Panthera leo atrox,subspecies,46509,Irvingtonian,,1.8,0.3,1725
197048,occ,,,20302,Panthera onca,species,46524,Irvingtonian,,1.8,0.3,1725
197049,occ,,,20302,Smilodon fatalis,species,46515,Irvingtonian,,1.8,0.3,1725
197125,occ,,,20307,Panthera onca,species,46524,Irvingtonian,,1.8,0.3,1558
197126,occ,9422,,20307,Puma concolor,species,46513,Irvingtonian,,1.8,0.3,6294
197127,occ,,,20307,Lynx canadensis,species,224062,Irvingtonian,,1.8,0.3,1558
197299,occ,9446,,20322,Lynx,genus,41058,Blancan,,4.9,1.8,6294
197300,occ,9447,,20322,Panthera onca,species,46524,Blancan,,4.9,1.8,6294
197301,occ,,,20322,Homotherium,genus,41056,Blancan,,4.9,1.8,2245
197331,occ,,,20323,Lynx,genus,41058,Irvingtonian,Rancholabrean,1.8,0.012,2018
197356,occ,,,20327,Homotherium,genus,41056,Irvingtonian,,1.8,0.3,1400
197400,occ,,,20334,Smilodon gracilis,species,51615,Irvingtonian,,1.8,0.3,2615
197405,occ,,,20335,Panthera onca,species,46524,Irvingtonian,Rancholabrean,1.8,0.012,2018
197443,occ,9473,,20342,Miracinonyx studeri,species,46529,Irvingtonian,,1.8,0.3,1319
197444,occ,,,20342,Homotherium serum,species,45759,Irvingtonian,,1.8,0.3,1319
197503,occ,,,20347,Panthera leo atrox,subspecies,46509,Irvingtonian,,1.8,0.3,1916
197547,occ,,,20350,Homotherium,genus,41056,Irvingtonian,,1.8,0.3,2615
197548,occ,,,20350,Lynx rufus,species,46528,Irvingtonian,,1.8,0.3,2615
197574,occ,,,20351,Homotherium,genus,41056,Irvingtonian,,1.8,0.3,2615
197575,occ,,,20351,Lynx rufus,species,46528,Irvingtonian,,1.8,0.3,2615
197576,occ,,,20351,Smilodon gracilis,species,51615,Irvingtonian,,1.8,0.3,2615
197600,occ,9515,,20353,Homotherium,genus,41056,Irvingtonian,,1.8,0.3,6294
197625,occ,,,20354,Smilodon gracilis,species,51615,Irvingtonian,,1.8,0.3,1727
197626,occ,,,20354,Panthera onca,species,46524,Irvingtonian,,1.8,0.3,1727
197627,occ,9520,,20354,Miracinonyx inexpectatus,species,45365,Irvingtonian,,1.8,0.3,6294
197722,occ,,,20375,Smilodon fatalis,species,46515,Irvingtonian,,1.8,0.3,2433
197799,occ,9568,,20384,Miracinonyx inexpectatus,species,45365,Blancan,,4.9,1.8,6294
197800,occ,9569,,20384,Lynx,genus,41058,Blancan,,4.9,1.8,2615
197802,occ,,,20384,Smilodon gracilis,species,51615,Blancan,,4.9,1.8,3580
197803,occ,,,20384,Homotherium,genus,41056,Blancan,,4.9,1.8,2615
197825,occ,,,20385,Smilodon gracilis,species,51615,Irvingtonian,,1.8,0.3,3872
197826,occ,,,20385,Homotherium,genus,41056,Irvingtonian,,1.8,0.3,3872
197923,occ,,,20390,Smilodon,genus,41079,Irvingtonian,,1.8,0.3,1912
197965,occ,,,20397,Lynx rufus,species,46528,Blancan,Irvingtonian,4.9,0.3,1794
197977,occ,,,20398,Miracinonyx inexpectatus,species,45365,Rancholabrean,,0.3,0.012,2623
197996,occ,,,20400,Homotherium,genus,41056,Irvingtonian,,1.8,0.3,1960
197997,occ,,,20400,Smilodon gracilis,species,51615,Irvingtonian,,1.8,0.3,1960
197998,occ,9614,,20400,Lynx rufus,species,46528,Irvingtonian,,1.8,0.3,6294
198118,occ,,,20415,Panthera onca,species,46524,Irvingtonian,,1.8,0.3,2615
198119,occ,,,20415,Smilodon gracilis,species,51615,Irvingtonian,,1.8,0.3,2615
198144,occ,9646,,20419,Leopardus wiedii,species,46532,Irvingtonian,Rancholabrean,1.8,0.012,6294
198365,occ,,,20454,Smilodon fatalis,species,46515,Irvingtonian,,1.8,0.3,2725
198523,occ,,,20479,Smilodon gracilis,species,51615,Irvingtonian,,1.8,0.3,1628
198525,occ,,,20479,Panthera onca,species,46524,Irvingtonian,,1.8,0.3,3103
198526,occ,,,20479,Lynx,genus,41058,Irvingtonian,,1.8,0.3,1628
198550,occ,9718,,20482,Lynx rufus,species,46528,Irvingtonian,,1.8,0.3,6294
198559,occ,,,20484,Homotherium,genus,41056,Irvingtonian,,1.8,0.3,929
198614,occ,9729,,20491,Panthera onca,species,46524,Rancholabrean,,0.3,0.012,6294
198615,occ,9730,,20491,Puma concolor,species,46513,Rancholabrean,,0.3,0.012,6294
198616,occ,9731,,20491,Leopardus pardalis,species,46525,Rancholabrean,,0.3,0.012,6294
198617,occ,9732,,20491,Lynx rufus,species,46528,Rancholabrean,,0.3,0.012,6294
198618,occ,,,20491,Homotherium serum,species,45759,Rancholabrean,,0.3,0.012,3580
198687,occ,,,20499,Panthera onca,species,46524,Irvingtonian,,1.8,0.3,6221
198876,occ,,,20520,Panthera onca,species,46524,Irvingtonian,,1.8,0.3,3567
198877,occ,,,20520,Panthera leo atrox,subspecies,46509,Irvingtonian,,1.8,0.3,3567
198878,occ,,,20520,Lynx rufus,species,46528,Irvingtonian,,1.8,0.3,3567
198943,occ,,,20530,Homotherium serum,species,45759,Irvingtonian,,1.8,0.3,6202
198977,occ,,,20533,Panthera leo atrox,subspecies,46509,Irvingtonian,,1.8,0.3,1302
199036,occ,,,20554,Lynx rufus,species,46528,Irvingtonian,,1.8,0.3,6221
199075,occ,,,20556,Panthera,genus,41066,Irvingtonian,,1.8,0.3,2896
199086,occ,,,20558,Smilodon gracilis,species,51615,Irvingtonian,,1.8,0.3,1794
199087,occ,,,20558,Lynx rufus,species,46528,Irvingtonian,,1.8,0.3,1794
199130,occ,,,20559,Lynx rufus,species,46528,Irvingtonian,,1.8,0.3,949
199164,occ,,,20563,Lynx rufus,species,46528,Irvingtonian,,1.8,0.3,1200
199210,occ,,,20569,Lynx canadensis,species,224062,Late Pleistocene,,0.126,0.0117,6225
199211,occ,,,20569,Lynx rufus,species,46528,Late Pleistocene,,0.126,0.0117,1936
199212,occ,,,20569,Panthera leo atrox,subspecies,46509,Late Pleistocene,,0.126,0.0117,1936
199213,occ,,,20569,Puma concolor,species,46513,Late Pleistocene,,0.126,0.0117,6225
199214,occ,9844,,20569,Homotherium serum,species,45759,Late Pleistocene,,0.126,0.0117,6225
199215,occ,9845,,20569,Smilodon fatalis,species,46515,Late Pleistocene,,0.126,0.0117,6294
199311,occ,9853,,20573,Panthera onca,species,46524,Late Pleistocene,,0.126,0.0117,6294
199312,occ,9854,,20573,Lynx rufus,species,46528,Late Pleistocene,,0.126,0.0117,6294
199322,occ,,,20576,Panthera leo atrox,subspecies,46509,Late Pleistocene,,0.126,0.0117,1785
199416,occ,9864,,20593,Panthera onca,species,46524,Late Pleistocene,,0.126,0.0117,6294
199431,occ,9866,,20594,Lynx rufus,species,46528,Late Pleistocene,,0.126,0.0117,6294
199494,occ,,,20600,Lynx rufus,species,46528,Late Pleistocene,,0.126,0.0117,2727
199495,occ,9870,,20600,Smilodon fatalis,species,46515,Late Pleistocene,,0.126,0.0117,2637
199496,occ,,,20600,Panthera onca,species,46524,Late Pleistocene,,0.126,0.0117,2727
199525,occ,,,20604,Leopardus,genus,41057,Late Pleistocene,,0.126,0.0117,1962
199526,occ,,,20604,Lynx rufus,species,46528,Late Pleistocene,,0.126,0.0117,1962
199590,occ,9883,,20608,Panthera onca,species,46524,Late Pleistocene,,0.126,0.0117,6294
199591,occ,9884,,20608,Smilodon fatalis,species,46515,Late Pleistocene,,0.126,0.0117,6294
199607,occ,,,20611,Smilodon,genus,41079,Late Pleistocene,,0.126,0.0117,2018
199611,occ,,,20612,Smilodon fatalis,species,46515,Late Pleistocene,,0.126,0.0117,2501
199645,occ,,,20615,Panthera leo atrox,subspecies,46509,Late Pleistocene,,0.126,0.0117,1200
199646,occ,,,20615,Lynx canadensis,species,224062,Late Pleistocene,,0.126,0.0117,1200
199689,occ,9894,,20621,Miracinonyx studeri,species,46529,Late Pleistocene,,0.126,0.0117,6294
199690,occ,,,20621,Lynx lynx,species,104160,Late Pleistocene,,0.126,0.0117,3553
199841,occ,9917,,20636,Puma concolor,species,46513,Late Pleistocene,,0.126,0.0117,2623
199842,occ,9918,,20636,Leopardus wiedii,species,46532,Late Pleistocene,,0.126,0.0117,3585
199869,occ,9922,,20638,Lynx rufus,species,46528,Late Pleistocene,,0.126,0.0117,6294
199870,occ,9923,,20638,Smilodon fatalis,species,46515,Late Pleistocene,,0.126,0.0117,6294
199886,occ,9926,,20639,Smilodon fatalis,species,46515,Late Pleistocene,,0.126,0.0117,6294
199887,occ,,,20639,Panthera leo atrox,subspecies,46509,Late Pleistocene,,0.126,0.0117,2588
199888,occ,,,20639,Puma concolor,species,46513,Late Pleistocene,,0.126,0.0117,2588
199917,occ,9933,,20641,Smilodon fatalis,species,46515,Late Pleistocene,,0.126,0.0117,6294
199918,occ,,,20641,Lynx canadensis,species,224062,Late Pleistocene,,0.126,0.0117,2589
199971,occ,9938,,20647,Panthera onca,species,46524,Late Pleistocene,,0.126,0.0117,6294
200001,occ,9941,,20650,Lynx rufus,species,46528,Late Pleistocene,,0.126,0.0117,6294
203511,occ,9955,,18346,Pseudaelurus,genus,41072,Late Miocene,,11.608,5.333,6207
212329,occ,,,21377,Homotherium,genus,41056,Pliocene,Calabrian,5.333,0.781,4469
212359,occ,,,21399,Homotherium,genus,41056,Pliocene,Calabrian,5.333,0.781,4488
212360,occ,,,21399,Megantereon,genus,41060,Pliocene,Calabrian,5.333,0.781,4488
212708,occ,,,21524,Megantereon eurynodon,species,129887,Pleistocene,,2.588,0.0117,4447
212868,occ,,,21686,Leopardus pardalis,species,46525,Holocene,,0.0117,0,4785
212869,occ,,,21686,Puma yagouaroundi,species,46533,Holocene,,0.0117,0,4785
212976,occ,,,21687,Puma concolor,species,46513,Holocene,,0.0117,0,4787
212977,occ,,,21687,Panthera onca,species,46524,Holocene,,0.0117,0,4787
213038,occ,,,21689,Leopardus pardalis,species,46525,Holocene,,0.0117,0,4790
213039,occ,,,21689,Puma yagouaroundi,species,46533,Holocene,,0.0117,0,4790
213101,occ,,,21689,Puma concolor,species,46513,Holocene,,0.0117,0,4790
213102,occ,,,21689,Panthera onca,species,46524,Holocene,,0.0117,0,4790
213114,occ,,,21690,Panthera leo,species,46521,Holocene,,0.0117,0,4792
213115,occ,,,21690,Panthera pardus,species,104158,Holocene,,0.0117,0,4792
213116,occ,,,21690,Felis libyca,species,224043,Holocene,,0.0117,0,4792
213121,occ,,,21690,Caracal caracal,species,224076,Holocene,,0.0117,0,4792
213132,occ,,,21690,Acinonyx jubatus,species,224064,Holocene,,0.0117,0,4792
213133,occ,,,21690,Caracal serval,species,224081,Holocene,,0.0117,0,4792
213153,occ,,,21691,Leopardus pardalis,species,46525,Holocene,,0.0117,0,4796
213154,occ,,,21691,Leopardus wiedii,species,46532,Holocene,,0.0117,0,4796
213155,occ,,,21691,Puma yagouaroundi,species,46533,Holocene,,0.0117,0,4796
213202,occ,,,21691,Puma concolor,species,46513,Holocene,,0.0117,0,4796
213203,occ,,,21691,Panthera onca,species,46524,Holocene,,0.0117,0,4796
213254,occ,,,21693,Panthera leo,species,46521,Holocene,,0.0117,0,4805
213255,occ,,,21693,Panthera pardus,species,104158,Holocene,,0.0117,0,4805
213256,occ,,,21693,Felis libyca,species,224043,Holocene,,0.0117,0,4805
213318,occ,,,21762,Megantereon,genus,41060,Piacenzian,,3.6,2.588,4782
213324,occ,,,21762,Homotherium,genus,41056,Piacenzian,,3.6,2.588,4782
213329,occ,,,21762,Felis,genus,41055,Piacenzian,,3.6,2.588,4782
213337,occ,,,21783,Dinofelis,genus,41052,Piacenzian,,3.6,2.588,4847
213338,occ,,,21783,Megantereon,genus,41060,Piacenzian,,3.6,2.588,4847
213352,occ,,,21783,Homotherium,genus,41056,Piacenzian,,3.6,2.588,4847
213361,occ,,,21783,Panthera,genus,41066,Piacenzian,,3.6,2.588,4847
213366,occ,,,21783,Felis,genus,41055,Piacenzian,,3.6,2.588,4847
213371,occ,,,21785,Dinofelis,genus,41052,Piacenzian,,3.6,2.588,4782
213372,occ,,,21785,Megantereon,genus,41060,Piacenzian,,3.6,2.588,4782
213387,occ,,,21785,Homotherium,genus,41056,Piacenzian,,3.6,2.588,4782
213396,occ,,,21785,Felis,genus,41055,Piacenzian,,3.6,2.588,4782
213405,occ,,,21790,Dinofelis,genus,41052,Piacenzian,,3.6,2.588,4451
213407,occ,,,21790,Homotherium,genus,41056,Piacenzian,,3.6,2.588,4451
213409,occ,,,21790,Panthera gombaszoegensis,species,56002,Piacenzian,,3.6,2.588,4451
213415,occ,,,21793,Felis,genus,41055,Piacenzian,,3.6,2.588,4451
213419,occ,,,21795,Felis,genus,41055,Piacenzian,,3.6,2.588,4451
213420,occ,,,21795,Panthera,genus,41066,Piacenzian,,3.6,2.588,4451
213421,occ,,,21795,Felis,genus,41055,Piacenzian,,3.6,2.588,4451
213424,occ,,,21796,Felis,genus,41055,Piacenzian,,3.6,2.588,4451
213428,occ,,,21798,Panthera gombaszoegensis,species,56002,Piacenzian,,3.6,2.588,4451
213433,occ,,,21799,Dinofelis,genus,41052,Piacenzian,,3.6,2.588,4451
213437,occ,,,21799,Panthera,genus,41066,Piacenzian,,3.6,2.588,4451
213446,occ,,,21801,Homotherium,genus,41056,Piacenzian,,3.6,2.588,4451
213448,occ,,,21801,Panthera,genus,41066,Piacenzian,,3.6,2.588,4451
213452,occ,,,21802,Panthera gombaszoegensis,species,56002,Piacenzian,,3.6,2.588,4451
213453,occ,,,21802,Felis,genus,41055,Piacenzian,,3.6,2.588,4451
213458,occ,,,21804,Felis,genus,41055,Gelasian,,2.588,1.806,4451
213459,occ,,,21804,Panthera,genus,41066,Gelasian,,2.588,1.806,4451
213465,occ,,,21806,Panthera gombaszoegensis,species,56002,Piacenzian,,3.6,2.588,4451
213466,occ,,,21806,Felis,genus,41055,Piacenzian,,3.6,2.588,4451
213467,occ,,,21806,Felis,genus,41055,Piacenzian,,3.6,2.588,4451
213472,occ,,,21807,Panthera gombaszoegensis,species,56002,Piacenzian,,3.6,2.588,4451
213474,occ,,,21807,Felis,genus,41055,Piacenzian,,3.6,2.588,4451
213475,occ,,,21807,Felis,genus,41055,Piacenzian,,3.6,2.588,4451
213480,occ,,,21810,Homotherium,genus,41056,Piacenzian,,3.6,2.588,4451
213485,occ,,,21810,Felis,genus,41055,Piacenzian,,3.6,2.588,4451
213489,occ,,,21811,Homotherium,genus,41056,Piacenzian,,3.6,2.588,4451
213492,occ,,,21811,Panthera gombaszoegensis,species,56002,Piacenzian,,3.6,2.588,4451
213495,occ,,,21811,Felis,genus,41055,Piacenzian,,3.6,2.588,4451
213499,occ,,,21813,Panthera gombaszoegensis,species,56002,Piacenzian,,3.6,2.588,4451
213512,occ,,,21830,Homotherium,genus,41056,Zanclean,Piacenzian,5.333,2.588,4451
213513,occ,,,21830,Panthera,genus,41066,Zanclean,Piacenzian,5.333,2.588,4451
213517,occ,,,21830,Panthera gombaszoegensis,species,56002,Zanclean,Piacenzian,5.333,2.588,4451
213518,occ,,,21830,Felis,genus,41055,Zanclean,Piacenzian,5.333,2.588,4451
213521,occ,,,21831,Homotherium,genus,41056,Piacenzian,,3.6,2.588,4451
213524,occ,,,21831,Panthera,genus,41066,Piacenzian,,3.6,2.588,4451
213528,occ,,,21831,Felis,genus,41055,Piacenzian,,3.6,2.588,4451
213557,occ,18963,,21855,Diamantofelis ferox,species,335208,Early Miocene,Middle Miocene,23.03,11.608,19863
213572,occ,18966,,21855,Diamantofelis minor,species,335211,Early Miocene,Middle Miocene,23.03,11.608,19863
213593,occ,,,21856,Panthera leo,species,46521,Pleistocene,Holocene,2.588,0,5211
213594,occ,,,21856,Panthera pardus,species,104158,Pleistocene,Holocene,2.588,0,5211
213609,occ,,,21856,Felis silvestris,species,224042,Pleistocene,Holocene,2.588,0,5211
213627,occ,,,21857,Panthera pardus,species,104158,Pleistocene,Holocene,2.588,0,5212
213636,occ,,,21857,Felis silvestris,species,224042,Pleistocene,Holocene,2.588,0,5212
213639,occ,,,21857,Felis,genus,41055,Pleistocene,Holocene,2.588,0,5212
213655,occ,,,21859,Panthera pardus,species,104158,Pleistocene,Holocene,2.588,0,5212
213663,occ,,,21859,Felis silvestris,species,224042,Pleistocene,Holocene,2.588,0,5212
213667,occ,,,21859,Felis,genus,41055,Pleistocene,Holocene,2.588,0,5212
213827,occ,,,21893,Panthera pardus,species,104158,Middle Pleistocene,Late Pleistocene,0.781,0.0117,5226
213869,occ,,,21896,Panthera leo,species,46521,Holocene,,0.0117,0,5227
213881,occ,,,21899,Felis libyca,species,224043,Pleistocene,,2.588,0.0117,5209
213959,occ,,,21909,Felis libyca,species,224043,Holocene,,0.0117,0,5214
213967,occ,,,21911,Felis libyca,species,224043,Holocene,,0.0117,0,5213
214032,occ,,,21920,Panthera,genus,41066,Pleistocene,,2.588,0.0117,5213
214070,occ,,,21924,Caracal caracal,species,224076,Pleistocene,Holocene,2.588,0,5237
214071,occ,,,21924,Caracal serval,species,224081,Pleistocene,Holocene,2.588,0,5237
214075,occ,,,21925,Caracal caracal,species,224076,Pleistocene,Holocene,2.588,0,5237
214077,occ,,,21925,Caracal serval,species,224081,Pleistocene,Holocene,2.588,0,5237
214182,occ,,,21953,Panthera leo,species,46521,Pleistocene,,2.588,0.0117,5252
214243,occ,,,21961,Panthera pardus,species,104158,Calabrian,,1.806,0.781,5261
214272,occ,,,21968,Panthera,genus,41066,Calabrian,,1.806,0.781,4948
216788,occ,,,22042,Machairodus,genus,41059,Miocene,,23.03,5.333,5283
216801,occ,,,22063,Machairodus,genus,41059,Miocene,Pliocene,23.03,2.588,5283
217257,occ,,,22157,Homotherium,genus,41056,Serravallian,Tortonian,13.82,7.246,4442
217507,occ,,,22197,Dinofelis,genus,41052,Zanclean,Pleistocene,5.333,0.0117,5366
217508,occ,,,22197,Megantereon,genus,41060,Zanclean,Pleistocene,5.333,0.0117,5366
217625,occ,,,22221,Homotherium,genus,41056,Zanclean,,5.333,3.6,5391
217653,occ,,,22221,Dinofelis,genus,41052,Zanclean,,5.333,3.6,5391
217654,occ,,,22221,Felis,genus,41055,Zanclean,,5.333,3.6,5391
217689,occ,,,22222,Homotherium,genus,41056,Zanclean,,5.333,3.6,5423
217700,occ,,,22222,Felis,genus,41055,Zanclean,,5.333,3.6,5423
217708,occ,,,22222,Dinofelis,genus,41052,Zanclean,,5.333,3.6,5423
217724,occ,,,22222,Felis obscura,species,199989,Zanclean,,5.333,3.6,5423
217731,occ,,,22224,Dinofelis,genus,41052,Miocene,Pliocene,23.03,2.588,5408
217742,occ,,,22224,Caracal caracal,species,224076,Miocene,Pliocene,23.03,2.588,5408
217791,occ,,,22228,Machairodus,genus,41059,Miocene,Pliocene,23.03,2.588,5397
217897,occ,,,22235,Dinofelis,genus,41052,Tortonian,Piacenzian,11.62,2.588,8636
217963,occ,,,22237,Dinofelis,genus,41052,Late Miocene,Piacenzian,11.608,2.588,8636
218268,occ,,,22272,Panthera leo,species,46521,Pleistocene,,2.588,0.0117,5569
218344,occ,,,22274,Homotherium,genus,41056,Messinian,,7.246,5.333,5560
218439,occ,,,22277,Panthera,genus,41066,Zanclean,,5.333,3.6,5563
218640,occ,,,22321,Megantereon,genus,41060,Pliocene,,5.333,2.588,5479
218652,occ,,,22321,Homotherium,genus,41056,Pliocene,,5.333,2.588,5479
218742,occ,,,22338,Dinofelis,genus,41052,Zanclean,,5.333,3.6,5549
218768,occ,,,22340,Felis libyca,species,224043,Late Pliocene,,3.6,2.588,4932
218769,occ,,,22340,Caracal caracal,species,224076,Late Pliocene,,3.6,2.588,4932
218770,occ,,,22340,Acinonyx jubatus,species,224064,Late Pliocene,,3.6,2.588,4932
218771,occ,,,22340,Caracal serval,species,224081,Late Pliocene,,3.6,2.588,4932
218774,occ,,,22340,Megantereon,genus,41060,Late Pliocene,,3.6,2.588,4932
218777,occ,,,22340,Felis,genus,41055,Late Pliocene,,3.6,2.588,4932
219062,occ,,,22477,Homotherium,genus,41056,Pliocene,,5.333,2.588,5294
219117,occ,,,22489,Panthera leo,species,46521,Pleistocene,,2.588,0.0117,5619
219118,occ,,,22489,Panthera pardus,species,104158,Pleistocene,,2.588,0.0117,5619
219177,occ,,,22491,Dinofelis,genus,41052,Gelasian,Calabrian,2.588,0.781,5626
219259,occ,,,22499,Dinofelis,genus,41052,Calabrian,,1.806,0.781,5627
219313,occ,,,22506,Felis,genus,41055,Pliocene,,5.333,2.588,5264
219554,occ,,,22553,Panthera pardus,species,104158,Gelasian,Calabrian,2.588,0.781,5636
219675,occ,,,22578,Panthera pardus,species,104158,Gelasian,Calabrian,2.588,0.781,5636
219731,occ,,,22584,Felis,genus,41055,Calabrian,,1.806,0.781,5647
219760,occ,,,22592,Machairodus,genus,41059,Messinian,,7.246,5.333,5649
219870,occ,,,22627,Caracal serval,species,224081,Calabrian,,1.806,0.781,4478
220375,occ,,,21866,Caracal caracal,species,224076,Holocene,,0.0117,0,5218
220396,occ,,,21868,Caracal caracal,species,224076,Pleistocene,Holocene,2.588,0,5214
220442,occ,,,21871,Felis silvestris,species,224042,Holocene,,0.0117,0,5220
220504,occ,,,21883,Felis libyca,species,224043,Pleistocene,Holocene,2.588,0,5221
220523,occ,,,21894,Panthera leo,species,46521,Holocene,,0.0117,0,5210
220589,occ,,,21896,Felis libyca,species,224043,Holocene,,0.0117,0,5227
220633,occ,,,21902,Felis silvestris,species,224042,Holocene,,0.0117,0,5230
220673,occ,,,21912,Panthera pardus,species,104158,Holocene,,0.0117,0,5214
220709,occ,,,21916,Panthera pardus,species,104158,Pleistocene,,2.588,0.0117,5235
220710,occ,,,21916,Felis libyca,species,224043,Pleistocene,,2.588,0.0117,5235
220713,occ,,,21916,Caracal caracal,species,224076,Pleistocene,,2.588,0.0117,5235
220746,occ,,,21917,Caracal caracal,species,224076,Holocene,,0.0117,0,5234
220762,occ,,,21918,Panthera pardus,species,104158,Holocene,,0.0117,0,5234
220782,occ,,,21930,Felis libyca,species,224043,Holocene,,0.0117,0,5240
220784,occ,,,21930,Caracal caracal,species,224076,Holocene,,0.0117,0,5240
220802,occ,,,21931,Panthera leo,species,46521,Pleistocene,,2.588,0.0117,5241
220803,occ,,,21931,Panthera pardus,species,104158,Pleistocene,,2.588,0.0117,5241
220804,occ,,,21931,Felis libyca,species,224043,Pleistocene,,2.588,0.0117,5241
220812,occ,,,21931,Caracal serval,species,224081,Pleistocene,,2.588,0.0117,5241
220830,occ,,,21940,Panthera pardus,species,104158,Holocene,,0.0117,0,5214
220831,occ,,,21940,Felis libyca,species,224043,Holocene,,0.0117,0,5214
220833,occ,,,21940,Caracal caracal,species,224076,Holocene,,0.0117,0,5214
220845,occ,,,21943,Panthera pardus,species,104158,Holocene,,0.0117,0,5214
220872,occ,,,21946,Felis libyca,species,224043,Holocene,,0.0117,0,5214
220898,occ,,,21948,Panthera pardus,species,104158,Pleistocene,Holocene,2.588,0,5246
220899,occ,,,21948,Felis libyca,species,224043,Pleistocene,Holocene,2.588,0,5246
220901,occ,,,21948,Caracal caracal,species,224076,Pleistocene,Holocene,2.588,0,5246
220937,occ,,,21949,Panthera pardus,species,104158,Pleistocene,Holocene,2.588,0,5248
220938,occ,,,21949,Felis libyca,species,224043,Pleistocene,Holocene,2.588,0,5248
220974,occ,,,21950,Panthera leo,species,46521,Pleistocene,Holocene,2.588,0,5249
220975,occ,,,21950,Felis libyca,species,224043,Pleistocene,Holocene,2.588,0,5249
220978,occ,,,21950,Caracal caracal,species,224076,Pleistocene,Holocene,2.588,0,5249
221009,occ,,,21951,Panthera pardus,species,104158,Pleistocene,Holocene,2.588,0,5250
221010,occ,,,21951,Felis libyca,species,224043,Pleistocene,Holocene,2.588,0,5250
221012,occ,,,21951,Caracal caracal,species,224076,Pleistocene,Holocene,2.588,0,5250
221049,occ,,,21954,Panthera leo,species,46521,Pleistocene,,2.588,0.0117,5232
221070,occ,,,22331,Megantereon,genus,41060,Pliocene,Pleistocene,5.333,0.0117,5600
221322,occ,,,21276,Panthera leo,species,46521,Middle Pleistocene,Late Pleistocene,0.781,0.0117,4430
221323,occ,,,21276,Panthera pardus,species,104158,Middle Pleistocene,Late Pleistocene,0.781,0.0117,4430
221324,occ,,,21276,Felis libyca,species,224043,Middle Pleistocene,Late Pleistocene,0.781,0.0117,4430
221334,occ,,,21276,Caracal caracal,species,224076,Middle Pleistocene,Late Pleistocene,0.781,0.0117,4430
221356,occ,,,21277,Panthera leo,species,46521,Middle Pleistocene,Late Pleistocene,0.781,0.0117,4430
221457,occ,,,21283,Homotherium,genus,41056,Gelasian,,2.588,1.806,4454
221529,occ,,,21292,Homotherium,genus,41056,Late Pliocene,Early Pleistocene,3.6,0.781,5596
221757,occ,,,21345,Homotherium,genus,41056,Gelasian,,2.588,1.806,4454
221896,occ,,,21355,Dinofelis,genus,41052,Gelasian,,2.588,1.806,4454
221999,occ,,,21369,Homotherium,genus,41056,Pliocene,Pleistocene,5.333,0.0117,4469
222000,occ,,,21369,Megantereon,genus,41060,Pliocene,Pleistocene,5.333,0.0117,4469
222001,occ,,,21369,Panthera,genus,41066,Pliocene,Pleistocene,5.333,0.0117,4469
222275,occ,,,21417,Megantereon,genus,41060,Pliocene,Pleistocene,5.333,0.0117,4447
222365,occ,,,21428,Homotherium,genus,41056,Zanclean,,5.333,3.6,4447
222403,occ,,,21442,Homotherium,genus,41056,Pliocene,Pleistocene,5.333,0.0117,4760
222404,occ,,,21442,Megantereon,genus,41060,Pliocene,Pleistocene,5.333,0.0117,4760
222408,occ,,,21442,Dinofelis,genus,41052,Pliocene,Pleistocene,5.333,0.0117,4760
222409,occ,,,21442,Panthera leo,species,46521,Pliocene,Pleistocene,5.333,0.0117,4760
222416,occ,,,21443,Megantereon,genus,41060,Calabrian,,1.806,0.781,4488
222481,occ,,,21451,Megantereon,genus,41060,Pliocene,Pleistocene,5.333,0.0117,4469
222486,occ,,,21451,Panthera leo,species,46521,Pliocene,Pleistocene,5.333,0.0117,4469
222488,occ,,,21451,Dinofelis,genus,41052,Pliocene,Pleistocene,5.333,0.0117,4469
222713,occ,,,21466,Homotherium,genus,41056,Pliocene,Pleistocene,5.333,0.0117,4469
222716,occ,,,21466,Megantereon eurynodon,species,129887,Pliocene,Pleistocene,5.333,0.0117,4469
222766,occ,,,21473,Megantereon,genus,41060,Pliocene,Pleistocene,5.333,0.0117,4469
223011,occ,,,21499,Homotherium,genus,41056,Pliocene,Pleistocene,5.333,0.0117,4447
223025,occ,,,21500,Panthera,genus,41066,Pliocene,Pleistocene,5.333,0.0117,4469
223030,occ,,,21500,Dinofelis,genus,41052,Pliocene,Pleistocene,5.333,0.0117,4469
224295,occ,10449,,21754,Dinofelis,genus,41052,Pliocene,,5.333,2.588,4447
224296,occ,,,21754,Megantereon,genus,41060,Pliocene,,5.333,2.588,4447
224310,occ,,,21754,Homotherium,genus,41056,Pliocene,,5.333,2.588,4447
224323,occ,10459,,21755,Caracal caracal,species,224076,Pliocene,,5.333,2.588,4447
224343,occ,,,21755,Panthera pardus,species,104158,Pliocene,,5.333,2.588,4447
224497,occ,,,21791,Panthera leo,species,46521,Pliocene,Calabrian,5.333,0.781,4867
224498,occ,,,21791,Panthera pardus,species,104158,Pliocene,Calabrian,5.333,0.781,4867
224512,occ,,,21791,Dinofelis,genus,41052,Pliocene,Calabrian,5.333,0.781,4867
224534,occ,,,21791,Homotherium,genus,41056,Pliocene,Calabrian,5.333,0.781,4867
224535,occ,,,21791,Megantereon,genus,41060,Pliocene,Calabrian,5.333,0.781,4867
224675,occ,,,21801,Megantereon,genus,41060,Piacenzian,,3.6,2.588,4451
224923,occ,,,21818,Dinofelis,genus,41052,Piacenzian,,3.6,2.588,4451
224947,occ,,,21821,Panthera pardus,species,104158,Pliocene,,5.333,2.588,4867
224948,occ,,,21821,Caracal caracal,species,224076,Pliocene,,5.333,2.588,4867
224949,occ,,,21821,Acinonyx jubatus,species,224064,Pliocene,,5.333,2.588,4867
224952,occ,,,21821,Dinofelis,genus,41052,Pliocene,,5.333,2.588,4867
224953,occ,,,21821,Megantereon cultridens,species,129878,Pliocene,,5.333,2.588,4867
224962,occ,,,21822,Megantereon,genus,41060,Calabrian,,1.806,0.781,4867
224976,occ,,,21822,Panthera leo,species,46521,Calabrian,,1.806,0.781,4867
224998,occ,,,21824,Panthera leo,species,46521,Early Pleistocene,,2.588,0.781,4896
224999,occ,,,21824,Panthera pardus,species,104158,Early Pleistocene,,2.588,0.781,4896
225004,occ,,,21824,Caracal caracal,species,224076,Early Pleistocene,,2.588,0.781,4896
225008,occ,,,21824,Dinofelis,genus,41052,Early Pleistocene,,2.588,0.781,4896
225009,occ,,,21824,Caracal serval,species,224081,Early Pleistocene,,2.588,0.781,4896
225010,occ,,,21824,Megantereon,genus,41060,Early Pleistocene,,2.588,0.781,4896
225086,occ,,,21825,Panthera leo,species,46521,Pleistocene,,2.588,0.0117,4892
225087,occ,,,21825,Panthera pardus,species,104158,Pleistocene,,2.588,0.0117,4892
225182,occ,,,21826,Panthera pardus,species,104158,Pliocene,Pleistocene,5.333,0.0117,4868
225191,occ,,,21827,Panthera pardus,species,104158,Pliocene,,5.333,2.588,4895
225224,occ,,,21828,Panthera pardus,species,104158,Pleistocene,,2.588,0.0117,4888
225231,occ,,,21828,Acinonyx jubatus,species,224064,Pleistocene,,2.588,0.0117,4888
225254,occ,,,21828,Megantereon cultridens,species,129878,Pleistocene,,2.588,0.0117,4888
225276,occ,,,21828,Felis libyca,species,224043,Pleistocene,,2.588,0.0117,4888
225293,occ,,,21829,Panthera pardus,species,104158,Pleistocene,,2.588,0.0117,4895
225593,occ,,,21864,Panthera leo,species,46521,Pleistocene,,2.588,0.0117,5217
225610,occ,,,21884,Felis libyca,species,224043,Pleistocene,Holocene,2.588,0,5223
225635,occ,,,21901,Felis libyca,species,224043,Pleistocene,,2.588,0.0117,5209
225717,occ,,,21904,Felis silvestris,species,224042,Holocene,,0.0117,0,5230
225756,occ,,,21922,Panthera pardus,species,104158,Holocene,,0.0117,0,5236
225757,occ,,,21922,Caracal caracal,species,224076,Holocene,,0.0117,0,5236
225782,occ,,,21924,Felis libyca,species,224043,Pleistocene,Holocene,2.588,0,5237
225806,occ,,,21925,Panthera pardus,species,104158,Pleistocene,Holocene,2.588,0,5237
225848,occ,,,21929,Panthera leo,species,46521,Pleistocene,,2.588,0.0117,5238
225849,occ,,,21929,Panthera pardus,species,104158,Pleistocene,,2.588,0.0117,5238
225850,occ,,,21929,Felis libyca,species,224043,Pleistocene,,2.588,0.0117,5238
225859,occ,,,21929,Acinonyx jubatus,species,224064,Pleistocene,,2.588,0.0117,5238
225860,occ,,,21929,Caracal serval,species,224081,Pleistocene,,2.588,0.0117,5238
225910,occ,,,21933,Panthera pardus,species,104158,Holocene,,0.0117,0,5243
226006,occ,,,21952,Felis libyca,species,224043,Pleistocene,Holocene,2.588,0,5251
226064,occ,,,21956,Panthera leo,species,46521,Pleistocene,,2.588,0.0117,5255
226065,occ,,,21956,Panthera pardus,species,104158,Pleistocene,,2.588,0.0117,5255
226066,occ,,,21956,Felis libyca,species,224043,Pleistocene,,2.588,0.0117,5255
226070,occ,,,21956,Caracal caracal,species,224076,Pleistocene,,2.588,0.0117,5255
226080,occ,,,21956,Acinonyx jubatus,species,224064,Pleistocene,,2.588,0.0117,5255
226088,occ,,,21956,Felis nigripes,species,224046,Pleistocene,,2.588,0.0117,5255
226112,occ,,,21957,Panthera leo,species,46521,Pleistocene,Holocene,2.588,0,5237
226141,occ,,,21958,Felis silvestris,species,224042,Holocene,,0.0117,0,5230
226237,occ,,,21963,Panthera leo,species,46521,Pleistocene,,2.588,0.0117,5266
226238,occ,,,21963,Panthera pardus,species,104158,Pleistocene,,2.588,0.0117,5266
226239,occ,,,21963,Felis libyca,species,224043,Pleistocene,,2.588,0.0117,5266
226258,occ,,,21963,Caracal caracal,species,224076,Pleistocene,,2.588,0.0117,5266
226749,occ,,,22058,Machairodus,genus,41059,Miocene,Pliocene,23.03,2.588,5283
226788,occ,,,22066,Panthera leo,species,46521,Pleistocene,Holocene,2.588,0,5321
226811,occ,,,22066,Felis,genus,41055,Pleistocene,Holocene,2.588,0,5321
226862,occ,,,22068,Panthera leo,species,46521,Pleistocene,Holocene,2.588,0,5320
227086,occ,,,22074,Panthera pardus,species,104158,Pleistocene,Holocene,2.588,0,5325
227098,occ,,,22074,Caracal serval,species,224081,Pleistocene,Holocene,2.588,0,5325
227669,occ,,,22229,Panthera,genus,41066,Miocene,Pliocene,23.03,2.588,5408
228016,occ,,,22329,Panthera pardus,species,104158,Pliocene,Pleistocene,5.333,0.0117,4884
228020,occ,,,22329,Dinofelis,genus,41052,Pliocene,Pleistocene,5.333,0.0117,4884
228038,occ,,,22330,Megantereon,genus,41060,Pliocene,Pleistocene,5.333,0.0117,4891
228050,occ,,,22331,Panthera pardus,species,104158,Pliocene,Pleistocene,5.333,0.0117,5600
228056,occ,,,22332,Panthera pardus,species,104158,Pliocene,Pleistocene,5.333,0.0117,5531
228089,occ,,,22334,Panthera leo,species,46521,Pliocene,Pleistocene,5.333,0.0117,4885
228101,occ,,,22334,Homotherium,genus,41056,Pliocene,Pleistocene,5.333,0.0117,4885
228102,occ,,,22334,Megantereon eurynodon,species,129887,Pliocene,Pleistocene,5.333,0.0117,4885
228119,occ,,,22334,Felis,genus,41055,Pliocene,Pleistocene,5.333,0.0117,4885
228136,occ,,,22334,Dinofelis,genus,41052,Pliocene,Pleistocene,5.333,0.0117,4885
228137,occ,,,22334,Felis,genus,41055,Pliocene,Pleistocene,5.333,0.0117,4885
228308,occ,,,22340,Machairodus,genus,41059,Late Pliocene,,3.6,2.588,4932
228333,occ,,,22340,Caracal caracal,species,224076,Late Pliocene,,3.6,2.588,4932
228334,occ,,,22340,Felis,genus,41055,Late Pliocene,,3.6,2.588,4932
228335,occ,,,22340,Therailurus,genus,129895,Late Pliocene,,3.6,2.588,4932
228443,occ,,,22355,Panthera pardus,species,104158,Pliocene,,5.333,2.588,5512
228456,occ,,,22356,Panthera pardus,species,104158,Pliocene,,5.333,2.588,5537
228458,occ,,,22356,Homotherium,genus,41056,Pliocene,,5.333,2.588,5537
228461,occ,,,22356,Dinofelis,genus,41052,Pliocene,,5.333,2.588,5537
228475,occ,,,22357,Panthera pardus,species,104158,Pliocene,,5.333,2.588,5538
228476,occ,,,22357,Homotherium,genus,41056,Pliocene,,5.333,2.588,5538
228477,occ,,,22357,Dinofelis,genus,41052,Pliocene,,5.333,2.588,5538
228694,occ,,,22418,Homotherium,genus,41056,Miocene,Pliocene,23.03,2.588,5433
229400,occ,,,21686,Puma concolor,species,46513,Holocene,,0.0117,0,4785
247323,occ,,,24181,Dinofelis,genus,41052,Late Miocene,Pliocene,11.608,2.588,6838
299349,occ,10238,,20026,Miracinonyx,genus,257652,Blancan,,4.9,1.8,7757
299380,occ,10239,,28791,Miracinonyx,genus,257652,Blancan,,4.9,1.8,7757
299579,occ,10242,,13066,Puma concolor,species,46513,Pleistocene,,2.588,0.0117,7757
302826,occ,11159,,11798,Machairodus,genus,41059,Turolian,,8.7,5.333,11208
302827,occ,11160,,11798,Metailurus,genus,41062,Turolian,,8.7,5.333,11208
337753,occ,,,31775,Pseudaelurus quadridentatus,species,53604,Langhian,Tortonian,15.97,7.246,8548
337771,occ,,,31776,Pseudaelurus quadridentatus,species,53604,Langhian,Tortonian,15.97,7.246,8548
339252,occ,,,32050,Panthera,genus,41066,Pliocene,,5.333,2.588,4451
339253,occ,,,32050,Panthera pardus,species,104158,Pliocene,,5.333,2.588,4451
339292,occ,,,32050,Megantereon,genus,41060,Pliocene,,5.333,2.588,4451
339293,occ,,,32050,Homotherium,genus,41056,Pliocene,,5.333,2.588,4451
339294,occ,,,32050,Felis,genus,41055,Pliocene,,5.333,2.588,4451
339295,occ,,,32050,Felis,genus,41055,Pliocene,,5.333,2.588,4451
339296,occ,,,32050,Felis,genus,41055,Pliocene,,5.333,2.588,4451
339330,occ,,,32052,Dinofelis,genus,41052,Late Pliocene,,3.6,2.588,5595
339331,occ,,,32052,Panthera pardus,species,104158,Late Pliocene,,3.6,2.588,5595
339332,occ,,,32052,Lynx,genus,41058,Late Pliocene,,3.6,2.588,5595
339333,occ,,,32052,Felis silvestris,species,224042,Late Pliocene,,3.6,2.588,5595
339334,occ,,,32052,Homotherium,genus,41056,Late Pliocene,,3.6,2.588,5595
339379,occ,,,32054,Acinonyx aicha,species,72179,Late Pliocene,,3.6,2.588,5595
339560,occ,,,32062,Panthera pardus,species,104158,Middle Pleistocene,Late Pleistocene,0.781,0.0117,8611
339561,occ,12414,,32062,Lynx lynx,species,104160,Middle Pleistocene,Late Pleistocene,0.781,0.0117,9580
340126,occ,,,32082,Panthera pardus,species,104158,Middle Pleistocene,Late Pleistocene,0.781,0.0117,8611
340127,occ,12415,,32082,Lynx lynx,species,104160,Middle Pleistocene,Late Pleistocene,0.781,0.0117,9580
340128,occ,,,32082,Felis,genus,41055,Middle Pleistocene,Late Pleistocene,0.781,0.0117,8611
340161,occ,12416,,32086,Lynx lynx,species,104160,Middle Pleistocene,Late Pleistocene,0.781,0.0117,9580
340233,occ,,,32090,Acinonyx jubatus,species,224064,Late Pleistocene,,0.126,0.0117,8626
340235,occ,,,32090,Caracal serval,species,224081,Late Pleistocene,,0.126,0.0117,8626
340511,occ,,,32113,Caracal serval,species,224081,Late Pleistocene,,0.126,0.0117,8626
340546,occ,,,32119,Caracal serval,species,224081,Late Pleistocene,,0.126,0.0117,8626
340549,occ,,,32119,Panthera leo,species,46521,Late Pleistocene,,0.126,0.0117,8626
340568,occ,,,32124,Panthera leo,species,46521,Late Pleistocene,,0.126,0.0117,8626
340888,occ,,,32145,Panthera,genus,41066,Early Pleistocene,,2.588,0.781,8655
356214,occ,10322,,33973,Lynx,genus,41058,Early Pleistocene,,2.588,0.781,9147
356215,occ,,,33973,Panthera,genus,41066,Early Pleistocene,,2.588,0.781,8655
356216,occ,,,33973,Megantereon,genus,41060,Early Pleistocene,,2.588,0.781,8655
356300,occ,,,33974,Felis,genus,41055,Early Pleistocene,,2.588,0.781,8655
356301,occ,12417,,33974,Lynx,genus,41058,Early Pleistocene,,2.588,0.781,9580
356302,occ,,,33974,Homotherium,genus,41056,Early Pleistocene,,2.588,0.781,8655
358557,occ,,,34104,Homotherium,genus,41056,Pleistocene,,2.588,0.0117,8649
358558,occ,,,34104,Panthera gombaszoegensis,species,56002,Pleistocene,,2.588,0.0117,8649
358698,occ,,,22241,Dinofelis,genus,41052,Tortonian,,11.62,7.246,8636
358699,occ,,,22241,Metailurus,genus,41062,Tortonian,,11.62,7.246,8636
360112,occ,,,22242,Dinofelis,genus,41052,Tortonian,Piacenzian,11.62,2.588,8636
360113,occ,,,22242,Metailurus,genus,41062,Tortonian,Piacenzian,11.62,2.588,8636
360255,occ,,,34127,Panthera leo,species,46521,Pleistocene,,2.588,0.0117,8650
360256,occ,,,34127,Panthera gombaszoegensis,species,56002,Pleistocene,,2.588,0.0117,8650
360257,occ,,,34127,Felis,genus,41055,Pleistocene,,2.588,0.0117,8650
360359,occ,,,34128,Lynx pardinus,species,224060,Pleistocene,,2.588,0.0117,8987
361609,occ,,,22239,Dinofelis,genus,41052,Pliocene,,5.333,2.588,8636
361748,occ,,,34269,Lynx rufus,species,46528,Late Pleistocene,,0.126,0.0117,9009
361898,occ,,,34287,Panthera leo,species,46521,Pleistocene,,2.588,0.0117,9013
362184,occ,,,34329,Lynx,genus,41058,Pleistocene,,2.588,0.0117,9013
362202,occ,,,34330,Panthera leo,species,46521,Middle Pleistocene,,0.781,0.126,9013
362203,occ,,,34330,Felis,genus,41055,Middle Pleistocene,,0.781,0.126,9013
362820,occ,,,34368,Panthera,genus,41066,Middle Pleistocene,,0.781,0.126,9031
362884,occ,,,34370,Lynx,genus,41058,Ruscinian,,5.333,3.2,9032
362885,occ,,,34370,Machairodus,genus,41059,Ruscinian,,5.333,3.2,9032
362967,occ,,,34382,Metailurus,genus,41062,Middle Pleistocene,,0.781,0.126,9039
363023,occ,,,34391,Machairodus,genus,41059,Turolian,,8.7,5.333,9043
363046,occ,,,34396,Acinonyx,genus,41046,Pliocene,,5.333,2.588,9043
363525,occ,,,34436,Machairodus kurteni,species,104513,Turolian,,8.7,5.333,9043
363537,occ,,,34437,Lynx,genus,41058,Pliocene,,5.333,2.588,9043
363576,occ,,,34444,Lynx,genus,41058,Pliocene,,5.333,2.588,9043
363577,occ,,,34444,Acinonyx,genus,41046,Pliocene,,5.333,2.588,9043
363578,occ,,,34444,Megantereon megantereon,species,92245,Pliocene,,5.333,2.588,9043
363579,occ,,,34444,Homotherium,genus,41056,Pliocene,,5.333,2.588,9043
363602,occ,,,34446,Homotherium,genus,41056,Early Pleistocene,,2.588,0.781,9043
363690,occ,,,34462,Machairodus,genus,41059,Late Miocene,,11.608,5.333,9080
365111,occ,,,34592,Homotherium,genus,41056,Villanyian,,3.2,2.588,9135
365112,occ,,,34592,Lynx,genus,41058,Villanyian,,3.2,2.588,9135
365119,occ,,,34593,Megantereon megantereon,species,92245,Villanyian,Pleistocene,3.2,0.0117,9135
365120,occ,,,34593,Lynx,genus,41058,Villanyian,Pleistocene,3.2,0.0117,9135
365305,occ,,,34614,Homotherium,genus,41056,Villanyian,,3.2,2.588,9135
365306,occ,,,34614,Homotherium,genus,41056,Villanyian,,3.2,2.588,9135
365337,occ,,,34617,Panthera gombaszoegensis,species,56002,Villanyian,Pleistocene,3.2,0.0117,9135
365972,occ,,,34655,Lynx,genus,41058,Pliocene,,5.333,2.588,9135
366127,occ,,,34667,Felis youngi,species,54357,Pleistocene,,2.588,0.0117,9176
367535,occ,,,34764,Homotherium,genus,41056,Villanyian,Pleistocene,3.2,0.0117,9135
367691,occ,,,34782,Panthera gombaszoegensis,species,56002,Early Pleistocene,,2.588,0.781,9135
367731,occ,,,34784,Megantereon cultridens,species,129878,Early Pleistocene,,2.588,0.781,9135
367732,occ,,,34784,Lynx,genus,41058,Early Pleistocene,,2.588,0.781,9135
367965,occ,,,34808,Panthera gombaszoegensis,species,56002,Early Pleistocene,Middle Pleistocene,2.588,0.126,9135
367969,occ,,,34809,Panthera leo,species,46521,Pleistocene,,2.588,0.0117,9135
367981,occ,,,34811,Megantereon cultridens,species,129878,Pliocene,Pleistocene,5.333,0.0117,9135
368279,occ,,,34842,Lynx,genus,41058,Middle Pleistocene,,0.781,0.126,9314
368592,occ,,,34872,Lynx,genus,41058,Pleistocene,,2.588,0.0117,9345
368998,occ,,,34898,Homotherium,genus,41056,Early Pleistocene,,2.588,0.781,9343
368999,occ,,,34898,Megantereon whitei,species,92246,Early Pleistocene,,2.588,0.781,9364
369000,occ,,,34898,Lynx,genus,41058,Early Pleistocene,,2.588,0.781,9364
369047,occ,10503,,34911,Lynx,genus,41058,Early Pleistocene,,2.588,0.781,9910
369048,occ,,,34911,Panthera gombaszoegensis,species,56002,Early Pleistocene,,2.588,0.781,9372
369049,occ,10504,,34911,Megantereon cultridens,species,129878,Early Pleistocene,,2.588,0.781,9910
369050,occ,10505,,34911,Panthera,genus,41066,Early Pleistocene,,2.588,0.781,9910
369051,occ,,,34911,Acinonyx,genus,41046,Early Pleistocene,,2.588,0.781,9372
369060,occ,,,34911,Homotherium,genus,41056,Early Pleistocene,,2.588,0.781,9373
369097,occ,,,34916,Panthera gombaszoegensis,species,56002,Early Pleistocene,,2.588,0.781,9345
369170,occ,,,34920,Homotherium,genus,41056,Pleistocene,,2.588,0.0117,9345
369173,occ,,,34920,Panthera gombaszoegensis,species,56002,Pleistocene,,2.588,0.0117,9345
369195,occ,,,34925,Panthera gombaszoegensis,species,56002,Middle Pleistocene,,0.781,0.126,9345
369202,occ,,,34926,Panthera leo,species,46521,Middle Pleistocene,,0.781,0.126,9345
369227,occ,,,34927,Panthera leo,species,46521,Middle Pleistocene,,0.781,0.126,9345
369249,occ,,,34929,Lynx,genus,41058,Villanyian,,3.2,2.588,9381
369250,occ,,,34929,Felis,genus,41055,Villanyian,,3.2,2.588,10965
369644,occ,,,34943,Megantereon whitei,species,92246,Early Pleistocene,,2.588,0.781,9388
369787,occ,,,34940,Panthera leo,species,46521,Pleistocene,,2.588,0.0117,9383
369788,occ,,,34940,Panthera,genus,41066,Pleistocene,,2.588,0.0117,9383
370250,occ,,,35045,Felis silvestris,species,224042,Middle Pleistocene,,0.781,0.126,9309
370251,occ,,,35045,Lynx,genus,41058,Middle Pleistocene,,0.781,0.126,9309
370435,occ,,,35076,Felis silvestris,species,224042,Pliocene,Pleistocene,5.333,0.0117,9424
370532,occ,,,35078,Panthera gombaszoegensis,species,56002,Early Pleistocene,Middle Pleistocene,2.588,0.126,9469
370534,occ,,,35078,Homotherium,genus,41056,Early Pleistocene,Middle Pleistocene,2.588,0.126,9469
372670,occ,,,35277,Machairodus,genus,41059,Late Miocene,,11.608,5.333,9487
373478,occ,,,35354,Felis,genus,41055,Ruscinian,Villanyian,5.333,2.588,9534
373479,occ,,,35354,Lynx,genus,41058,Ruscinian,Villanyian,5.333,2.588,9534
373553,occ,,,35358,Felis,genus,41055,Villanyian,,3.2,2.588,9534
373596,occ,,,35359,Lynx,genus,41058,Pliocene,Pleistocene,5.333,0.0117,9534
373597,occ,10406,,35359,Homotherium,genus,41056,Pliocene,Pleistocene,5.333,0.0117,9580
374173,occ,,,35369,Felis,genus,41055,Villanyian,,3.2,2.588,9534
374174,occ,,,35369,Lynx lynx,species,104160,Villanyian,,3.2,2.588,9534
374175,occ,,,35369,Panthera,genus,41066,Villanyian,,3.2,2.588,9534
374176,occ,10404,,35369,Panthera gombaszoegensis,species,56002,Villanyian,,3.2,2.588,9580
374178,occ,10407,,35369,Homotherium,genus,41056,Villanyian,,3.2,2.588,9580
374271,occ,,,35371,Felis,genus,41055,Villanyian,,3.2,2.588,9534
374272,occ,,,35371,Lynx,genus,41058,Villanyian,,3.2,2.588,9534
374350,occ,,,35374,Felis,genus,41055,Villanyian,,3.2,2.588,9534
374351,occ,,,35374,Lynx,genus,41058,Villanyian,,3.2,2.588,9534
374352,occ,,,35374,Panthera,genus,41066,Villanyian,,3.2,2.588,9534
374353,occ,,,35374,Panthera,genus,41066,Villanyian,,3.2,2.588,9534
374354,occ,10408,,35374,Homotherium,genus,41056,Villanyian,,3.2,2.588,9580
375051,occ,,,35428,Felis,genus,41055,Early Pleistocene,,2.588,0.781,9534
375052,occ,,,35428,Lynx,genus,41058,Early Pleistocene,,2.588,0.781,9534
375094,occ,,,35430,Machairodus,genus,41059,Late Hemphillian,,10.3,4.9,9574
375636,occ,,,35457,Felis,genus,41055,Early Pleistocene,,2.588,0.781,9534
375637,occ,10405,,35457,Panthera gombaszoegensis,species,56002,Early Pleistocene,,2.588,0.781,9580
376000,occ,10410,,35472,Panthera gombaszoegensis,species,56002,Middle Pleistocene,,0.781,0.126,9580
376096,occ,10411,,35476,Panthera gombaszoegensis,species,56002,Middle Pleistocene,,0.781,0.126,9580
377507,occ,,,19538,Pseudaelurus,genus,41072,early Early Hemphillian,,10.3,4.9,9619
377508,occ,,,19538,Machairodus catocopis,species,47841,early Early Hemphillian,,10.3,4.9,9619
380830,occ,,,36134,Panthera pardus,species,104158,Middle Pleistocene,,0.781,0.126,9695
380856,occ,,,36139,Felis,genus,41055,Late Miocene,,11.608,5.333,9700
381190,occ,,,36206,Felis,genus,41055,Middle Pleistocene,,0.781,0.126,9643
381191,occ,,,36206,Panthera pardus,species,104158,Middle Pleistocene,,0.781,0.126,9643
381192,occ,,,36206,Homotherium,genus,41056,Middle Pleistocene,,0.781,0.126,9643
381232,occ,,,22728,Panthera gombaszoegensis,species,56002,Pleistocene,,2.588,0.0117,9643
381236,occ,,,22728,Homotherium,genus,41056,Pleistocene,,2.588,0.0117,9643
381398,occ,,,36214,Felis,genus,41055,Middle Pleistocene,,0.781,0.126,9643
381399,occ,,,36214,Lynx,genus,41058,Middle Pleistocene,,0.781,0.126,9643
381400,occ,,,36214,Panthera gombaszoegensis,species,56002,Middle Pleistocene,,0.781,0.126,9643
381401,occ,,,36214,Panthera pardus,species,104158,Middle Pleistocene,,0.781,0.126,9643
381402,occ,,,36214,Homotherium,genus,41056,Middle Pleistocene,,0.781,0.126,9643
381498,occ,,,36220,Homotherium,genus,41056,Middle Pleistocene,,0.781,0.126,9643
381499,occ,,,36220,Felis,genus,41055,Middle Pleistocene,,0.781,0.126,9643
382554,occ,12461,,36373,Homotherium,genus,41056,Pleistocene,,2.588,0.0117,7009
382555,occ,12462,,36373,Panthera pardus,species,104158,Pleistocene,,2.588,0.0117,7009
382557,occ,,,36373,Lynx,genus,41058,Pleistocene,,2.588,0.0117,9754
384382,occ,,,36583,Felis,genus,41055,Pleistocene,,2.588,0.0117,9810
384484,occ,,,36585,Panthera pardus,species,104158,Pleistocene,,2.588,0.0117,9810
384485,occ,,,36585,Panthera tigris,species,104157,Pleistocene,,2.588,0.0117,9810
384522,occ,,,36587,Megantereon nihowanensis,species,129880,Pleistocene,,2.588,0.0117,9810
385327,occ,,,36706,Lynx,genus,41058,Middle Pleistocene,,0.781,0.126,9309
385582,occ,,,36729,Panthera pardus,species,104158,Late Pleistocene,,0.126,0.0117,9836
385596,occ,,,36730,Panthera pardus,species,104158,Late Pleistocene,,0.126,0.0117,9836
385968,occ,,,36517,Uncia spelea,species,308748,Pleistocene,,2.588,0.0117,9858
387464,occ,,,37024,Megantereon whitei,species,92246,Pleistocene,,2.588,0.0117,9913
387465,occ,,,37024,Lynx,genus,41058,Pleistocene,,2.588,0.0117,9913
387466,occ,,,37024,Felis,genus,41055,Pleistocene,,2.588,0.0117,9913
387467,occ,,,37024,Panthera gombaszoegensis,species,56002,Pleistocene,,2.588,0.0117,9913
387490,occ,,,37026,Lynx,genus,41058,Pleistocene,,2.588,0.0117,9913
387715,occ,,,37064,Felis,genus,41055,Pleistocene,Holocene,2.588,0,9935
388539,occ,,,22494,Panthera,genus,41066,Gelasian,Calabrian,2.588,0.781,9955
388992,occ,,,37203,Panthera tigris,species,104157,Pleistocene,,2.588,0.0117,9974
395162,occ,,,22491,Panthera,genus,41066,Gelasian,Calabrian,2.588,0.781,9955
395163,occ,,,22491,Felis,genus,41055,Gelasian,Calabrian,2.588,0.781,9955
395176,occ,,,22494,Dinofelis,genus,41052,Gelasian,Calabrian,2.588,0.781,5626
395181,occ,,,22494,Felis,genus,41055,Gelasian,Calabrian,2.588,0.781,9955
395189,occ,,,22492,Panthera,genus,41066,Gelasian,Calabrian,2.588,0.781,9955
395204,occ,,,22498,Panthera,genus,41066,Gelasian,Calabrian,2.588,0.781,9955
398264,occ,,,13066,Panthera onca,species,46524,Pleistocene,,2.588,0.0117,10274
398265,occ,,,13066,Miracinonyx inexpectatus,species,45365,Pleistocene,,2.588,0.0117,10274
398266,occ,,,13066,Felis,genus,41055,Pleistocene,,2.588,0.0117,10274
398267,occ,,,13066,Lynx rufus,species,46528,Pleistocene,,2.588,0.0117,10274
398887,occ,,,38314,Homotherium,genus,41056,Middle Pleistocene,,0.781,0.126,10278
405251,occ,13087,,38892,Acinonyx,genus,41046,Pliocene,,5.333,2.588,13549
405252,occ,13088,,38892,Megantereon cultridens,species,129878,Pliocene,,5.333,2.588,13549
405259,occ,10905,,38892,Acinonyx,genus,41046,Pliocene,,5.333,2.588,10948
405260,occ,12290,,38892,Homotherium,genus,41056,Pliocene,,5.333,2.588,9580
407966,occ,,,11803,Panthera pardus,species,104158,Late Pleistocene,,0.126,0.0117,10604
407999,occ,,,39252,Panthera pardus,species,104158,Pleistocene,,2.588,0.0117,10604
408445,occ,,,39314,Panthera pardus,species,104158,Pleistocene,,2.588,0.0117,10617
408446,occ,12418,,39314,Lynx,genus,41058,Pleistocene,,2.588,0.0117,9580
408447,occ,,,39314,Caracal caracal,species,224076,Pleistocene,,2.588,0.0117,10617
408557,occ,,,39322,Panthera,genus,41066,Pliocene,Pleistocene,5.333,0.0117,10617
409297,occ,11029,,39409,Lynx,genus,41058,Pliocene,,5.333,2.588,10647
409298,occ,,,39409,Acinonyx,genus,41046,Pliocene,,5.333,2.588,10647
409299,occ,11030,,39409,Homotherium,genus,41056,Pliocene,,5.333,2.588,10647
409303,occ,,,39411,Acinonyx,genus,41046,Pliocene,,5.333,2.588,10647
412055,occ,11055,,39845,Lynx,genus,41058,Pliocene,,5.333,2.588,10805
412068,occ,,,39846,Homotherium,genus,41056,Pliocene,,5.333,2.588,11025
412069,occ,,,39846,Megantereon megantereon,species,92245,Pliocene,,5.333,2.588,11025
412070,occ,11061,,39846,Lynx,genus,41058,Pliocene,,5.333,2.588,10805
415531,occ,,,40266,Panthera,genus,41066,Early Pleistocene,,2.588,0.781,10889
415532,occ,,,40266,Felis,genus,41055,Early Pleistocene,,2.588,0.781,10889
416072,occ,,,40341,Panthera pardus,species,104158,Middle Pleistocene,,0.781,0.126,10880
416594,occ,10762,,40392,Dinofelis,genus,41052,Pliocene,,5.333,2.588,7584
416595,occ,12419,,40392,Lynx,genus,41058,Pliocene,,5.333,2.588,9580
416596,occ,,,40392,Machairodus,genus,41059,Pliocene,,5.333,2.588,10898
416630,occ,12420,,40394,Lynx,genus,41058,Ruscinian,,5.333,3.2,13592
416652,occ,10828,,40398,Panthera gombaszoegensis,species,56002,Pleistocene,,2.588,0.0117,9147
416656,occ,,,40398,Felis,genus,41055,Pleistocene,,2.588,0.0117,10904
416657,occ,,,40398,Homotherium,genus,41056,Pleistocene,,2.588,0.0117,10904
416697,occ,,,40401,Homotherium,genus,41056,Early Pleistocene,,2.588,0.781,10904
417542,occ,,,40497,Panthera,genus,41066,Middle Pleistocene,Late Pleistocene,0.781,0.0117,10916
417603,occ,10829,,40502,Panthera gombaszoegensis,species,56002,Pleistocene,,2.588,0.0117,9147
418112,occ,,,40548,Lynx,genus,41058,Ruscinian,,5.333,3.2,10947
418297,occ,12421,,40564,Lynx,genus,41058,Pliocene,,5.333,2.588,9580
418311,occ,,,36112,Acinonyx,genus,41046,MN 17,,2.588,1.806,10948
418312,occ,13218,,36112,Lynx,genus,41058,MN 17,,2.588,1.806,10948
418313,occ,,,36112,Panthera,genus,41066,MN 17,,2.588,1.806,10948
418314,occ,,,36112,Megantereon megantereon,species,92245,MN 17,,2.588,1.806,13795
419635,occ,,,40758,Felis,genus,41055,Turolian,,8.7,5.333,11045
419636,occ,,,40758,Dinofelis,genus,41052,Turolian,,8.7,5.333,11045
419637,occ,11088,,40758,Amphimachairodus giganteus,species,280637,Turolian,,8.7,5.333,10999
419638,occ,,,40758,Paramachaerodus,genus,41067,Turolian,,8.7,5.333,10999
419655,occ,,,35339,Metailurus,genus,41062,Turolian,,8.7,5.333,11002
419656,occ,,,35339,Machairodus,genus,41059,Turolian,,8.7,5.333,11002
419726,occ,,,40768,Machairodus,genus,41059,Vallesian,,11.608,8.7,11011
419727,occ,,,40768,Machairodus,genus,41059,Vallesian,,11.608,8.7,11011
419947,occ,,,39846,Felis,genus,41055,Pliocene,,5.333,2.588,11025
420018,occ,,,40808,Homotherium,genus,41056,Middle Pleistocene,,0.781,0.126,11028
420019,occ,11064,,40808,Panthera gombaszoegensis,species,56002,Middle Pleistocene,,0.781,0.126,9147
421693,occ,,,41005,Homotherium,genus,41056,Early Pleistocene,,2.588,0.781,11051
421702,occ,,,41006,Homotherium,genus,41056,Early Pleistocene,,2.588,0.781,11051
421711,occ,,,41007,Homotherium,genus,41056,Early Pleistocene,,2.588,0.781,11051
422066,occ,,,41026,Megantereon,genus,41060,Villanyian,,3.2,2.588,11054
423938,occ,,,11798,Felis,genus,41055,Turolian,,8.7,5.333,11437
427884,occ,,,41735,Machairodus,genus,41059,Vallesian,,11.608,8.7,11166
432374,occ,,,28781,Metailurus,genus,41062,Middle Miocene,Late Miocene,15.97,5.333,11208
432375,occ,,,28781,Machairodus,genus,41059,Middle Miocene,Late Miocene,15.97,5.333,11208
432469,occ,11152,,42254,Miomachairodus,genus,41063,Vallesian,,11.608,8.7,11208
434740,occ,,,42477,Metailurus,genus,41062,Ruscinian,,5.333,3.2,11208
435337,occ,,,42559,Machairodus,genus,41059,Pliocene,,5.333,2.588,11336
435568,occ,,,42595,Pseudaelurus quadridentatus,species,53604,Langhian,Serravallian,15.97,11.62,11342
435577,occ,,,42596,Pseudaelurus lorteti,species,96582,Langhian,Serravallian,15.97,11.62,11342
435587,occ,,,33396,Felis,genus,41055,MN 15,,4.2,3.2,11342
436697,occ,,,42675,Machairodus,genus,41059,Turolian,,8.7,5.333,11351
436716,occ,,,42676,Metailurus,genus,41062,Turolian,,8.7,5.333,11351
436717,occ,,,42676,Machairodus,genus,41059,Turolian,,8.7,5.333,11351
439015,occ,,,42866,Panthera pardus,species,104158,Middle Pleistocene,,0.781,0.126,11378
439016,occ,,,42866,Panthera leo,species,46521,Middle Pleistocene,,0.781,0.126,11378
439047,occ,,,42241,Felis,genus,41055,Early Pleistocene,,2.588,0.781,11379
439050,occ,,,42241,Megantereon megantereon,species,92245,Early Pleistocene,,2.588,0.781,11379
439175,occ,,,42867,Panthera gombaszoegensis,species,56002,Early Pleistocene,,2.588,0.781,11380
440021,occ,,,43008,Panthera leo,species,46521,Middle Pleistocene,,0.781,0.126,11397
440022,occ,,,43008,Panthera pardus,species,104158,Middle Pleistocene,,0.781,0.126,11397
440023,occ,,,43008,Caracal caracal,species,224076,Middle Pleistocene,,0.781,0.126,11397
440024,occ,,,43008,Felis,genus,41055,Middle Pleistocene,,0.781,0.126,11397
440123,occ,,,43016,Panthera tigris,species,104157,Middle Pleistocene,,0.781,0.126,11400
440124,occ,11234,,43016,Panthera pardus,species,104158,Middle Pleistocene,,0.781,0.126,11400
442545,occ,,,43617,Panthera gombaszoegensis,species,56002,Middle Pleistocene,Late Pleistocene,0.781,0.0117,11457
442546,occ,,,43617,Homotherium,genus,41056,Middle Pleistocene,Late Pleistocene,0.781,0.0117,11457
442553,occ,,,43618,Panthera leo,species,46521,Middle Pleistocene,Late Pleistocene,0.781,0.0117,11457
442554,occ,,,43618,Homotherium,genus,41056,Middle Pleistocene,Late Pleistocene,0.781,0.0117,11457
442571,occ,,,43619,Panthera,genus,41066,Late Pleistocene,,0.126,0.0117,11457
442572,occ,,,43619,Lynx,genus,41058,Late Pleistocene,,0.126,0.0117,11457
442632,occ,,,43629,Panthera leo,species,46521,Late Pleistocene,,0.126,0.0117,11457
442678,occ,,,43631,Panthera leo,species,46521,Late Pleistocene,,0.126,0.0117,11457
442679,occ,,,43631,Panthera pardus,species,104158,Late Pleistocene,,0.126,0.0117,11457
443154,occ,11427,,43649,Panthera leo,species,46521,Middle Pleistocene,,0.781,0.126,11465
443155,occ,,,43649,Panthera pardus,species,104158,Middle Pleistocene,,0.781,0.126,11465
443181,occ,11431,,43650,Panthera pardus,species,104158,Middle Pleistocene,,0.781,0.126,11465
443191,occ,,,43651,Panthera leo,species,46521,Middle Pleistocene,,0.781,0.126,11465
443192,occ,11434,,43651,Panthera pardus,species,104158,Middle Pleistocene,,0.781,0.126,11465
443197,occ,11435,,43652,Machairodus,genus,41059,Early Pleistocene,Middle Pleistocene,2.588,0.126,11465
443246,occ,,,43653,Panthera leo,species,46521,Middle Pleistocene,,0.781,0.126,11465
443256,occ,11444,,43654,Panthera leo,species,46521,Middle Pleistocene,,0.781,0.126,11465
443326,occ,,,43656,Panthera leo,species,46521,Pleistocene,,2.588,0.0117,11465
443327,occ,,,43656,Panthera pardus,species,104158,Pleistocene,,2.588,0.0117,11465
443328,occ,,,43656,Panthera,genus,41066,Pleistocene,,2.588,0.0117,11465
443371,occ,11461,,43658,Homotherium,genus,41056,Pleistocene,,2.588,0.0117,11465
443404,occ,11465,,43664,Panthera leo,species,46521,Middle Pleistocene,,0.781,0.126,11465
443405,occ,11466,,43664,Panthera pardus,species,104158,Middle Pleistocene,,0.781,0.126,11465
443586,occ,,,43689,Felis,genus,41055,Late Pleistocene,,0.126,0.0117,11465
443690,occ,11506,,43699,Panthera leo,species,46521,Middle Pleistocene,,0.781,0.126,11465
443737,occ,11511,,43702,Panthera leo,species,46521,Middle Pleistocene,Late Pleistocene,0.781,0.0117,11465
447694,occ,,,44091,Panthera leo,species,46521,Pleistocene,,2.588,0.0117,11575
448604,occ,,,44145,Lynx,genus,41058,Early Pleistocene,,2.588,0.781,11584
448618,occ,12565,,44146,Lynx,genus,41058,Early Pleistocene,,2.588,0.781,13155
448619,occ,,,44146,Acinonyx,genus,41046,Early Pleistocene,,2.588,0.781,11585
448620,occ,,,44146,Homotherium,genus,41056,Early Pleistocene,,2.588,0.781,11585
450386,occ,12260,,44231,Acinonyx,genus,41046,Pliocene,Pleistocene,5.333,0.0117,12548
450387,occ,,,44231,Homotherium,genus,41056,Pliocene,Pleistocene,5.333,0.0117,12548
450388,occ,,,44231,Megantereon megantereon,species,92245,Pliocene,Pleistocene,5.333,0.0117,12548
451991,occ,,,44220,Epimachairodus,genus,41054,Turolian,,8.7,5.333,11437
451992,occ,,,44220,Pseudaelurus,genus,41072,Turolian,,8.7,5.333,11437
452004,occ,,,44221,Epimachairodus,genus,41054,Turolian,,8.7,5.333,11437
452005,occ,,,44221,Pseudaelurus,genus,41072,Turolian,,8.7,5.333,11437
452012,occ,,,44222,Pseudaelurus,genus,41072,Turolian,,8.7,5.333,11437
452023,occ,,,44223,Pseudaelurus,genus,41072,Turolian,,8.7,5.333,11437
452024,occ,,,44223,Felis,genus,41055,Turolian,,8.7,5.333,11437
452035,occ,,,44224,Epimachairodus,genus,41054,Turolian,,8.7,5.333,11437
452036,occ,,,44224,Pseudaelurus,genus,41072,Turolian,,8.7,5.333,11437
454442,occ,,,44866,Machairodus irtyschensis,species,58779,Pliocene,,5.333,2.588,10877
457430,occ,,,43020,Panthera,genus,41066,Early Pleistocene,,2.588,0.781,11725
457431,occ,,,43020,Panthera pardus,species,104158,Early Pleistocene,,2.588,0.781,11725
457432,occ,,,43020,Lynx lynx,species,104160,Early Pleistocene,,2.588,0.781,11725
457449,occ,,,45085,Felis silvestris,species,224042,Early Pleistocene,,2.588,0.781,11725
457472,occ,,,45065,Lynx lynx,species,104160,Early Pleistocene,,2.588,0.781,11725
474572,occ,,,47069,Pseudaelurus turnauensis,species,136632,Early Miocene,,23.03,15.97,12499
474712,occ,12160,,47099,Lynx,genus,41058,MN 16,,3.2,2.588,12548
474738,occ,12164,,47100,Lynx,genus,41058,MN 16,,3.2,2.588,12548
474739,occ,,,47100,Acinonyx,genus,41046,MN 16,,3.2,2.588,12548
474740,occ,12165,,47100,Homotherium,genus,41056,MN 16,,3.2,2.588,12548
474741,occ,,,47100,Megantereon megantereon,species,92245,MN 16,,3.2,2.588,12548
475100,occ,12422,,47129,Lynx,genus,41058,MN 17,,2.588,1.806,9580
475116,occ,12423,,47131,Lynx,genus,41058,MN 17,,2.588,1.806,9580
475117,occ,12174,,47131,Homotherium,genus,41056,MN 17,,2.588,1.806,12548
475118,occ,,,47131,Megantereon megantereon,species,92245,MN 17,,2.588,1.806,12548
475130,occ,12175,,47133,Homotherium,genus,41056,MN 17,,2.588,1.806,12548
475179,occ,,,47150,Acinonyx,genus,41046,MN 17,,2.588,1.806,12578
475180,occ,12181,,47150,Viretailurus,genus,41083,MN 17,,2.588,1.806,12548
475181,occ,12182,,47150,Lynx,genus,41058,MN 17,,2.588,1.806,12548
475182,occ,,,47150,Megantereon megantereon,species,92245,MN 17,,2.588,1.806,12578
475183,occ,12183,,47150,Homotherium,genus,41056,MN 17,,2.588,1.806,12548
475279,occ,,,47188,Homotherium,genus,41056,MN 17,,2.588,1.806,12548
478753,occ,,,47624,Megantereon megantereon,species,92245,MN 17,,2.588,1.806,12548
479839,occ,12463,,47828,Homotherium,genus,41056,Early Pleistocene,,2.588,0.781,9580
479840,occ,,,47828,Felis,genus,41055,Early Pleistocene,,2.588,0.781,12802
479851,occ,,,47829,Acinonyx,genus,41046,Early Pleistocene,,2.588,0.781,12802
479852,occ,12409,,47829,Lynx,genus,41058,Early Pleistocene,,2.588,0.781,9580
479881,occ,,,47831,Lynx,genus,41058,Early Pleistocene,,2.588,0.781,13065
479892,occ,12410,,47832,Lynx,genus,41058,Middle Pleistocene,,0.781,0.126,9580
485014,occ,,,48555,Homotherium,genus,41056,Pleistocene,,2.588,0.0117,12957
485299,occ,,,48587,Panthera,genus,41066,Late Pleistocene,,0.126,0.0117,12964
485374,occ,,,48580,Panthera,genus,41066,Early Pleistocene,,2.588,0.781,12964
487204,occ,,,48858,Panthera gombaszoegensis,species,56002,Pleistocene,,2.588,0.0117,13025
487320,occ,,,48889,Lynx,genus,41058,Middle Pleistocene,,0.781,0.126,12802
487321,occ,12403,,48889,Panthera gombaszoegensis,species,56002,Middle Pleistocene,,0.781,0.126,13052
487329,occ,12411,,48889,Panthera,genus,41066,Middle Pleistocene,,0.781,0.126,9580
487332,occ,,,48890,Lynx,genus,41058,Middle Pleistocene,,0.781,0.126,13053
487333,occ,,,48890,Acinonyx,genus,41046,Middle Pleistocene,,0.781,0.126,13053
487334,occ,,,48890,Machairodus,genus,41059,Middle Pleistocene,,0.781,0.126,13053
487352,occ,,,48891,Lynx,genus,41058,Middle Pleistocene,,0.781,0.126,12802
487398,occ,,,48908,Lynx,genus,41058,Middle Pleistocene,,0.781,0.126,12802
487399,occ,12412,,48908,Panthera gombaszoegensis,species,56002,Middle Pleistocene,,0.781,0.126,9580
487406,occ,,,48910,Lynx,genus,41058,Middle Pleistocene,,0.781,0.126,12802
487407,occ,12413,,48910,Panthera gombaszoegensis,species,56002,Middle Pleistocene,,0.781,0.126,9580
487414,occ,,,48911,Lynx,genus,41058,Middle Pleistocene,,0.781,0.126,13054
487422,occ,,,48912,Lynx,genus,41058,Middle Pleistocene,,0.781,0.126,13054
487536,occ,12560,,48981,Homotherium,genus,41056,Early Pleistocene,,2.588,0.781,9580
488501,occ,12460,,49087,Homotherium,genus,41056,Middle Pleistocene,,0.781,0.126,9580
488522,occ,12519,,49089,Homotherium,genus,41056,Middle Pleistocene,,0.781,0.126,9580
488548,occ,,,49092,Lynx,genus,41058,Middle Pleistocene,,0.781,0.126,13054
489214,occ,,,49211,Homotherium,genus,41056,Early Pleistocene,Middle Pleistocene,2.588,0.126,13792
489334,occ,,,44089,Acinonyx,genus,41046,Villanyian,,3.2,2.588,13151
489371,occ,,,49254,Megantereon cultridens,species,129878,MN 17,,2.588,1.806,13155
489372,occ,,,49254,Homotherium,genus,41056,MN 17,,2.588,1.806,13155
489373,occ,,,49254,Lynx,genus,41058,MN 17,,2.588,1.806,13155
489377,occ,,,49254,Felis,genus,41055,MN 17,,2.588,1.806,13155
489585,occ,12563,,49307,Homotherium,genus,41056,Early Pleistocene,,2.588,0.781,9580
492286,occ,,,32105,Megantereon megantereon,species,92245,MN 17,,2.588,1.806,13340
493138,occ,,,49813,Homotherium,genus,41056,Middle Pleistocene,,0.781,0.126,13378
493157,occ,,,49814,Panthera leo,species,46521,Middle Pleistocene,,0.781,0.126,13378
493212,occ,,,49816,Felis,genus,41055,Middle Pleistocene,,0.781,0.126,13380
493213,occ,,,49816,Panthera gombaszoegensis,species,56002,Middle Pleistocene,,0.781,0.126,13380
493214,occ,,,49816,Homotherium,genus,41056,Middle Pleistocene,,0.781,0.126,13380
494600,occ,12788,,49989,Homotherium,genus,41056,Middle Pleistocene,,0.781,0.126,13425
497024,occ,,,50196,Lynx,genus,41058,Middle Pleistocene,,0.781,0.126,9643
497025,occ,,,50196,Panthera leo,species,46521,Middle Pleistocene,,0.781,0.126,9643
497026,occ,,,50196,Panthera gombaszoegensis,species,56002,Middle Pleistocene,,0.781,0.126,9643
497027,occ,,,50196,Acinonyx,genus,41046,Middle Pleistocene,,0.781,0.126,9643
497028,occ,,,50196,Homotherium,genus,41056,Middle Pleistocene,,0.781,0.126,9643
497124,occ,,,50199,Panthera pardus,species,104158,Middle Pleistocene,,0.781,0.126,9643
497125,occ,,,50199,Panthera leo,species,46521,Middle Pleistocene,,0.781,0.126,9643
497126,occ,,,50199,Lynx,genus,41058,Middle Pleistocene,,0.781,0.126,9643
497127,occ,,,50199,Felis,genus,41055,Middle Pleistocene,,0.781,0.126,9643
497128,occ,,,50199,Homotherium,genus,41056,Middle Pleistocene,,0.781,0.126,9643
497511,occ,,,50249,Panthera leo,species,46521,Middle Pleistocene,,0.781,0.126,9643
497639,occ,,,50258,Felis,genus,41055,Middle Pleistocene,,0.781,0.126,9643
497640,occ,,,50258,Panthera pardus,species,104158,Middle Pleistocene,,0.781,0.126,9643
497641,occ,,,50258,Acinonyx,genus,41046,Middle Pleistocene,,0.781,0.126,9643
497642,occ,,,50258,Homotherium,genus,41056,Middle Pleistocene,,0.781,0.126,9643
497682,occ,,,50259,Felis silvestris,species,224042,Middle Pleistocene,,0.781,0.126,9643
497683,occ,,,50259,Panthera leo,species,46521,Middle Pleistocene,,0.781,0.126,9643
497773,occ,13044,,50274,Felis,genus,41055,Early Pleistocene,,2.588,0.781,8652
498798,occ,,,50466,Homotherium,genus,41056,Early Pleistocene,Middle Pleistocene,2.588,0.126,13532
498824,occ,,,50342,Acinonyx,genus,41046,Early Pleistocene,,2.588,0.781,13519
498825,occ,13077,,50342,Panthera leo,species,46521,Early Pleistocene,,2.588,0.781,13519
498826,occ,13078,,50342,Lynx,genus,41058,Early Pleistocene,,2.588,0.781,13519
498839,occ,,,50342,Panthera gombaszoegensis,species,56002,Early Pleistocene,,2.588,0.781,13519
498840,occ,,,50342,Panthera pardus,species,104158,Early Pleistocene,,2.588,0.781,13519
501551,occ,,,50904,Machairodus,genus,41059,MN 13,MN 14,7.246,4.2,13592
501611,occ,,,50913,Lynx,genus,41058,MN 14,,4.9,4.2,13592
501763,occ,,,50935,Lynx,genus,41058,MN 15,,4.2,3.2,13592
501775,occ,,,50937,Lynx,genus,41058,MN 15,,4.2,3.2,13592
501778,occ,,,50938,Homotherium,genus,41056,MN 15,,4.2,3.2,13592
501837,occ,,,50943,Megantereon,genus,41060,MN 15,MN 16,4.2,2.588,13592
501838,occ,,,50943,Homotherium,genus,41056,MN 15,MN 16,4.2,2.588,13592
501839,occ,,,50943,Lynx,genus,41058,MN 15,MN 16,4.2,2.588,13592
502020,occ,,,48093,Felis,genus,41055,Gelasian,,2.588,1.806,13613
502570,occ,,,51100,Panthera tigris,species,104157,Middle Pleistocene,,0.781,0.126,13623
502571,occ,,,51100,Panthera pardus,species,104158,Middle Pleistocene,,0.781,0.126,13623
502577,occ,,,51100,Pseudaelurus,genus,41072,Middle Pleistocene,,0.781,0.126,13623
502578,occ,,,51100,Felis,genus,41055,Middle Pleistocene,,0.781,0.126,13623
502613,occ,,,11797,Vishnufelis,genus,41084,MN 6,MN 7 + 8,13.65,11.1,13624
502660,occ,,,51102,Panthera,genus,41066,Pliocene,,5.333,2.588,13624
508673,occ,,,51684,Homotherium,genus,41056,Pliocene,Pleistocene,5.333,0.0117,13759
510968,occ,,,51778,Panthera,genus,41066,Early Pleistocene,,2.588,0.781,13786
512155,occ,,,51812,Acinonyx,genus,41046,Pliocene,Pleistocene,5.333,0.0117,13791
512170,occ,,,36112,Homotherium,genus,41056,MN 17,,2.588,1.806,13795
536652,occ,,,55533,Panthera pardus,species,104158,Holocene,,0.0117,0,14999
541058,occ,,,56563,Felis prisca,species,348649,Late Miocene,,11.608,5.333,15232
541059,occ,,,56563,Machairodus,genus,41059,Late Miocene,,11.608,5.333,15232
562956,occ,,,58809,Panthera gombaszoegensis,species,56002,Pliocene,Pleistocene,5.333,0.0117,16685
562957,occ,,,58809,Homotherium,genus,41056,Pliocene,Pleistocene,5.333,0.0117,16685
565665,occ,,,48630,Felis,genus,41055,Astaracian,,15.97,11.608,16909
570371,occ,,,59839,Machairodus,genus,41059,Messinian,,7.246,5.333,17171
571716,occ,,,59978,Smilodon populator,species,51618,Late Pleistocene,,0.126,0.0117,17245
583582,occ,,,21695,Felis libyca,species,224043,Pleistocene,,2.588,0.0117,17685
583583,occ,,,21695,Caracal caracal,species,224076,Pleistocene,,2.588,0.0117,17685
583584,occ,,,21695,Panthera leo,species,46521,Pleistocene,,2.588,0.0117,17685
583585,occ,,,21695,Panthera pardus,species,104158,Pleistocene,,2.588,0.0117,17685
592866,occ,,,26574,Machairodus,genus,41059,Late Hemphillian,Blancan,10.3,1.8,18109
598098,occ,,,63335,Herpailurus,genus,46887,Middle Pleistocene,,0.781,0.126,17632
598317,occ,,,63424,Smilodon fatalis,species,46515,Late Pleistocene,,0.126,0.0117,18245
598334,occ,,,63427,Smilodon fatalis,species,46515,Late Pleistocene,,0.126,0.0117,18245
598371,occ,,,63429,Lynx rufus,species,46528,Late Pleistocene,Holocene,0.126,0,18245
598372,occ,,,63429,Smilodon fatalis,species,46515,Late Pleistocene,Holocene,0.126,0,18245
600939,occ,,,63515,Smilodon populator,species,51618,Late Pleistocene,,0.126,0.0117,18348
600940,occ,,,63884,Smilodon populator,species,51618,Pleistocene,,2.588,0.0117,18348
610355,occ,,,65405,Panthera onca,species,46524,Pleistocene,,2.588,0.0117,18853
623888,occ,,,20495,Lynx rufus,species,46528,Rancholabrean,,0.3,0.012,19165
627311,occ,,,67660,Panthera leo,species,46521,Middle Pleistocene,,0.781,0.126,19319
635627,occ,,,68380,Paramachaerodus,genus,41067,Early Pleistocene,,2.588,0.781,19685
635628,occ,,,68380,Homotherium,genus,41056,Early Pleistocene,,2.588,0.781,19685
635629,occ,18872,,68380,Megantereon megantereon,species,92245,Early Pleistocene,,2.588,0.781,19687
635630,occ,,,68380,Felis,genus,41055,Early Pleistocene,,2.588,0.781,19685
635631,occ,,,68380,Lynx,genus,41058,Early Pleistocene,,2.588,0.781,19685
640831,occ,,,69098,Pseudaelurus romieviensis,species,136633,MN 4,,16.9,15.97,19926
640890,occ,,,69099,Pseudaelurus,genus,41072,MN 4,,16.9,15.97,19926
640891,occ,,,69099,Pseudaelurus lorteti,species,96582,MN 4,,16.9,15.97,19926
640998,occ,,,69106,Pseudaelurus romieviensis,species,136633,MN 4,,16.9,15.97,19926
641108,occ,,,69116,Pseudaelurus lorteti,species,96582,MN 4,,16.9,15.97,19926
645292,occ,,,69711,Pseudaelurus,genus,41072,MN 6,,13.65,12.75,23390
645352,occ,,,69712,Pseudaelurus lorteti,species,96582,MN 6,MN 7 + 8,13.65,11.1,23390
645353,occ,,,69712,Pseudaelurus turnauensis,species,136632,MN 6,MN 7 + 8,13.65,11.1,23390
645538,occ,,,69723,Panthera pardus,species,104158,Early Pleistocene,,2.588,0.781,23392
649207,occ,,,70136,Smilodon fatalis,species,46515,Rancholabrean,,0.3,0.012,23553
650532,occ,,,49102,Pseudaelurus lorteti,species,96582,MN 4,,16.9,15.97,23602
654805,occ,,,70673,Puma concolor,species,46513,Early Pleistocene,,2.588,0.781,19694
654806,occ,,,70673,Felis,genus,41055,Early Pleistocene,,2.588,0.781,19694
654807,occ,,,70673,Panthera onca,species,46524,Early Pleistocene,,2.588,0.781,19694
654808,occ,,,70673,Smilodon populator,species,51618,Early Pleistocene,,2.588,0.781,19694
654896,occ,,,70704,Panthera onca,species,46524,Middle Pleistocene,,0.781,0.126,19694
654897,occ,,,70704,Smilodon populator,species,51618,Middle Pleistocene,,0.781,0.126,19694
656687,occ,,,70907,Homotherium,genus,41056,Pliocene,,5.333,2.588,23775
658995,occ,,,71060,Panthera tigris,species,104157,Early Pleistocene,,2.588,0.781,23807
658996,occ,,,71060,Felis,genus,41055,Early Pleistocene,,2.588,0.781,23807
659277,occ,,,22160,Megantereon,genus,41060,Zanclean,,5.333,3.6,5357
659341,occ,,,22139,Machairodus,genus,41059,Tortonian,Zanclean,11.62,3.6,23832
659342,occ,,,22139,Dinofelis,genus,41052,Tortonian,Zanclean,11.62,3.6,23832
661481,occ,,,71263,Puma concolor,species,46513,Late Pleistocene,Holocene,0.126,0,24053
661482,occ,,,71263,Lynx rufus,species,46528,Late Pleistocene,Holocene,0.126,0,24053
661562,occ,,,71274,Puma concolor,species,46513,Lujanian,,0.781,0.012,24014
661563,occ,,,71274,Smilodon,genus,41079,Lujanian,,0.781,0.012,24014
661595,occ,,,71277,Panthera leo atrox,subspecies,46509,Late Pleistocene,,0.126,0.0117,23923
661661,occ,,,71287,Smilodon populator,species,51618,Lujanian,,0.781,0.012,24012
661740,occ,,,71298,Smilodon,genus,41079,Pleistocene,,2.588,0.0117,24084
661757,occ,,,71301,Smilodon,genus,41079,Pleistocene,,2.588,0.0117,24084
661772,occ,,,71302,Felis,genus,41055,Pleistocene,,2.588,0.0117,24084
661808,occ,,,71303,Panthera,genus,41066,Lujanian,,0.781,0.012,24010
661809,occ,,,71303,Panthera onca,species,46524,Lujanian,,0.781,0.012,24010
661810,occ,,,71303,Smilodon populator,species,51618,Lujanian,,0.781,0.012,24010
661850,occ,,,71304,Smilodon riggii,species,270462,Pleistocene,,2.588,0.0117,24008
661927,occ,,,71313,Leopardus pardalis,species,46525,Late Pleistocene,Holocene,0.126,0,24122
661928,occ,,,71313,Leopardus,genus,41057,Late Pleistocene,Holocene,0.126,0,24122
661929,occ,,,71313,Puma yagouaroundi,species,46533,Late Pleistocene,Holocene,0.126,0,24122
661930,occ,,,71313,Puma concolor,species,46513,Late Pleistocene,Holocene,0.126,0,24122
661931,occ,,,71313,Smilodon populator,species,51618,Late Pleistocene,Holocene,0.126,0,24122
662003,occ,,,71322,Panthera onca,species,46524,Ensenadan,,1.2,0.781,23916
662004,occ,,,71322,Smilodon,genus,41079,Ensenadan,,1.2,0.781,23916
662078,occ,,,71332,Puma yagouaroundi,species,46533,Late Pleistocene,,0.126,0.0117,23910
662079,occ,,,71332,Smilodon populator,species,51618,Late Pleistocene,,0.126,0.0117,23910
662097,occ,,,71334,Smilodon populator,species,51618,Late Pleistocene,,0.126,0.0117,23910
662146,occ,,,71335,Smilodon populator,species,51618,Late Pleistocene,,0.126,0.0117,24109
662147,occ,,,71335,Panthera onca,species,46524,Late Pleistocene,,0.126,0.0117,24109
662148,occ,,,71335,Puma yagouaroundi,species,46533,Late Pleistocene,,0.126,0.0117,24109
662171,occ,,,71338,Felis,genus,41055,Late Pleistocene,,0.126,0.0117,24013
662179,occ,,,71341,Felis,genus,41055,Late Pleistocene,,0.126,0.0117,24013
662197,occ,,,71344,Felis,genus,41055,Late Pleistocene,,0.126,0.0117,24013
662224,occ,,,71345,Panthera leo atrox,subspecies,46509,Late Pleistocene,,0.126,0.0117,24078
662225,occ,,,71345,Panthera onca,species,46524,Late Pleistocene,,0.126,0.0117,24078
662226,occ,,,71345,Smilodon,genus,41079,Late Pleistocene,,0.126,0.0117,24078
662252,occ,21914,,71346,Panthera leo atrox,subspecies,46509,Late Pleistocene,,0.126,0.0117,2195
662253,occ,21912,,71346,Smilodon fatalis,species,46515,Late Pleistocene,,0.126,0.0117,2195
662313,occ,,,71349,Puma,genus,41073,Holocene,,0.0117,0,24088
664465,occ,,,71587,Panthera onca,species,46524,Pleistocene,,2.588,0.0117,19694
667143,occ,,,71873,Pseudaelurus,genus,41072,MN 4,,16.9,15.97,24290
667185,occ,,,68547,Pseudaelurus quadridentatus,species,53604,MN 5,,15.97,13.65,24292
667186,occ,,,68547,Pseudaelurus,genus,41072,MN 5,,15.97,13.65,24292
681848,occ,,,73553,Felis,genus,41055,Turolian,,8.7,5.333,24670
681849,occ,,,73553,Paramachaerodus,genus,41067,Turolian,,8.7,5.333,24670
681850,occ,,,73553,Machairodus,genus,41059,Turolian,,8.7,5.333,24670
683547,occ,,,73686,Panthera tigris,species,104157,Late Pleistocene,,0.126,0.0117,24700
683962,occ,,,73752,Lynx rufus,species,46528,Late Pleistocene,,0.126,0.0117,2588
684224,occ,,,73760,Panthera,genus,41066,Middle Pleistocene,,0.781,0.126,24726
684225,occ,,,73761,Panthera,genus,41066,Middle Pleistocene,,0.781,0.126,24726
685624,occ,,,71341,Panthera onca,species,46524,Late Pleistocene,,0.126,0.0117,24751
685646,occ,,,73845,Puma concolor,species,46513,Late Pleistocene,,0.126,0.0117,24073
686189,occ,,,73861,Pseudaelurus lorteti,species,96582,MN 4,MN 5,16.9,13.65,24772
686190,occ,,,73861,Pseudaelurus quadridentatus,species,53604,MN 4,MN 5,16.9,13.65,24772
689847,occ,,,74143,Panthera leo atrox,subspecies,46509,Pleistocene,,2.588,0.0117,24886
691219,occ,,,74473,Lynx rufus,species,46528,Late Pleistocene,,0.126,0.0117,1326
696770,occ,,,74954,Miracinonyx studeri,species,46529,Late Pleistocene,,0.126,0.0117,25288
699343,occ,,,56733,Megantereon cultridens,species,129878,Early Pleistocene,,2.588,0.781,25340
699344,occ,,,56733,Homotherium,genus,41056,Early Pleistocene,,2.588,0.781,25340
699345,occ,,,56733,Panthera gombaszoegensis,species,56002,Early Pleistocene,,2.588,0.781,25340
706256,occ,,,75792,Pseudaelurus,genus,41072,Sarmatian,,12.7,11.608,24838
706296,occ,,,75794,Machairodus,genus,41059,Tortonian,,11.62,7.246,24838
706358,occ,,,75800,Metailurus,genus,41062,Tortonian,,11.62,7.246,24838
706359,occ,,,75800,Machairodus,genus,41059,Tortonian,,11.62,7.246,24838
706383,occ,,,36143,Machairodus,genus,41059,Late Miocene,,11.608,5.333,24838
706384,occ,,,36143,Machairodus,genus,41059,Late Miocene,,11.608,5.333,24838
706419,occ,,,75802,Felis,genus,41055,Tortonian,,11.62,7.246,24838
706420,occ,,,75802,Felis,genus,41055,Tortonian,,11.62,7.246,24838
706421,occ,,,75802,Machairodus,genus,41059,Tortonian,,11.62,7.246,24838
706422,occ,,,75802,Machairodus,genus,41059,Tortonian,,11.62,7.246,24838
706423,occ,,,75802,Machairodus,genus,41059,Tortonian,,11.62,7.246,24838
706424,occ,,,75802,Machairodus,genus,41059,Tortonian,,11.62,7.246,24838
706472,occ,,,75803,Machairodus,genus,41059,Tortonian,,11.62,7.246,24838
706473,occ,,,75803,Machairodus,genus,41059,Tortonian,,11.62,7.246,24838
706474,occ,,,75803,Machairodus,genus,41059,Tortonian,,11.62,7.246,24838
706475,occ,,,75803,Machairodus,genus,41059,Tortonian,,11.62,7.246,24838
706495,occ,,,36139,Machairodus,genus,41059,Late Miocene,,11.608,5.333,24838
706679,occ,,,44866,Machairodus irtyschensis,species,58779,Pliocene,,5.333,2.588,24838
709956,occ,,,76059,Panthera onca,species,46524,Late Pleistocene,,0.126,0.0117,25748
709957,occ,,,76059,Puma concolor,species,46513,Late Pleistocene,,0.126,0.0117,25748
709958,occ,,,76059,Lynx rufus,species,46528,Late Pleistocene,,0.126,0.0117,25748
710056,occ,,,76060,Lynx rufus,species,46528,Late Pleistocene,,0.126,0.0117,25748
711904,occ,,,76287,Machairodus,genus,41059,Late Miocene,Pliocene,11.608,2.588,24838
711920,occ,,,76289,Machairodus ischimicus,species,58780,Early Pliocene,,5.333,3.6,24838
711921,occ,,,76289,Machairodus,genus,41059,Early Pliocene,,5.333,3.6,24838
713689,occ,,,76530,Machairodus,genus,41059,Late Pliocene,,3.6,2.588,24838
713734,occ,,,50943,Lynx lynx,species,104160,MN 15,MN 16,4.2,2.588,24838
713749,occ,,,76536,Machairodus irtyschensis,species,58779,Pliocene,,5.333,2.588,24838
713756,occ,,,76537,Lynx lynx,species,104160,Pliocene,,5.333,2.588,24838
716098,occ,,,76865,Felis,genus,41055,Neogene,,23.03,2.588,25983
716102,occ,,,76866,Felis,genus,41055,Neogene,,23.03,2.588,25983
724084,occ,,,58421,Machairodus,genus,41059,Middle Pleistocene,,0.781,0.126,26261
724182,occ,,,77773,Homotherium,genus,41056,Gelasian,Early Pleistocene,2.588,0.781,26265
724183,occ,,,77773,Acinonyx,genus,41046,Gelasian,Early Pleistocene,2.588,0.781,26265
724184,occ,,,77773,Megantereon cultridens,species,129878,Gelasian,Early Pleistocene,2.588,0.781,26265
724186,occ,,,77773,Lynx pardinus,species,224060,Gelasian,Early Pleistocene,2.588,0.781,26265
727018,occ,,,75492,Felis,genus,41055,Turolian,,8.7,5.333,26330
727019,occ,,,75492,Dinofelis,genus,41052,Turolian,,8.7,5.333,26330
728648,occ,,,78323,Metailurus,genus,41062,MN 10,MN 11,9.7,7.75,26367
731810,occ,,,78577,Smilodon populator,species,51618,Lujanian,,0.781,0.012,26422
740245,occ,,,79582,Lynx rufus,species,46528,Late Pleistocene,,0.126,0.0117,26708
740261,occ,,,79584,Lynx rufus,species,46528,Holocene,,0.0117,0,26708
740566,occ,22765,,79632,Homotherium serum,species,45759,Late Pleistocene,,0.126,0.0117,2839
740983,occ,,,79683,Lynx rufus,species,46528,Late Pleistocene,,0.126,0.0117,26776
740984,occ,,,79683,Panthera onca,species,46524,Late Pleistocene,,0.126,0.0117,26776
741207,occ,,,59167,Machairodus,genus,41059,Messinian,Piacenzian,7.246,2.588,5401
741208,occ,,,59167,Homotherium,genus,41056,Messinian,Piacenzian,7.246,2.588,5401
741209,occ,,,59167,Felis,genus,41055,Messinian,Piacenzian,7.246,2.588,5401
741210,occ,,,59167,Felis,genus,41055,Messinian,Piacenzian,7.246,2.588,5401
741211,occ,,,59167,Felis obscura,species,199989,Messinian,Piacenzian,7.246,2.588,5401
741212,occ,,,59167,Dinofelis,genus,41052,Messinian,Piacenzian,7.246,2.588,5401
747554,occ,,,79757,Smilodon fatalis,species,46515,Rancholabrean,,0.3,0.012,26822
747555,occ,,,79757,Panthera leo atrox,subspecies,46509,Rancholabrean,,0.3,0.012,26822
747556,occ,,,79757,Panthera onca,species,46524,Rancholabrean,,0.3,0.012,26822
747557,occ,,,79950,Miracinonyx inexpectatus,species,45365,Pleistocene,,2.588,0.0117,26822
747558,occ,,,80031,Miracinonyx inexpectatus,species,45365,Early Pleistocene,,2.588,0.781,26822
747559,occ,,,79757,Puma concolor,species,46513,Rancholabrean,,0.3,0.012,26822
747560,occ,,,79757,Lynx rufus,species,46528,Rancholabrean,,0.3,0.012,26822
776526,occ,,,83305,Felis,genus,41055,Holocene,,0.0117,0,27974
781493,occ,,,84183,Panthera onca,species,46524,Pleistocene,,2.588,0.0117,28175
781499,occ,,,20584,Smilodon fatalis,species,46515,Late Pleistocene,,0.126,0.0117,28175
787467,occ,,,85056,Pseudaelurus aeluroides,species,51141,Barstovian,,15.97,13.6,3585
787533,occ,,,85060,Pseudaelurus,genus,41072,Early Miocene,,23.03,15.97,28561
787556,occ,,,17988,Pseudaelurus intrepidus,species,51143,Hemingfordian,,20.43,15.97,28561
798180,occ,,,86852,Panthera onca,species,46524,Pleistocene,,2.588,0.0117,29235
819175,occ,,,90036,Felis,genus,41055,Late Pleistocene,,0.126,0.0117,30172
819176,occ,,,90036,Panthera pardus,species,104158,Late Pleistocene,,0.126,0.0117,30172
819524,occ,,,90070,Felis,genus,41055,Late Pleistocene,,0.126,0.0117,30193
819525,occ,,,90070,Caracal,genus,224077,Late Pleistocene,,0.126,0.0117,30193
823720,occ,,,90752,Smilodon,genus,41079,Pleistocene,,2.588,0.0117,30545
823726,occ,,,90752,Panthera onca,species,46524,Pleistocene,,2.588,0.0117,30545
823727,occ,,,90753,Panthera onca,species,46524,Pleistocene,,2.588,0.0117,30545
823728,occ,,,90754,Panthera onca,species,46524,Pleistocene,,2.588,0.0117,30545
836045,occ,,,92787,Felis,genus,41055,Late Pleistocene,,0.126,0.0117,31309
836046,occ,,,92787,Neofelis nebulosa,species,224098,Late Pleistocene,,0.126,0.0117,31309
836047,occ,,,92787,Panthera tigris,species,104157,Late Pleistocene,,0.126,0.0117,31309
837043,occ,,,92814,Smilodon populator,species,51618,Pleistocene,Holocene,2.588,0,31331
837693,occ,,,71873,Pseudaelurus,genus,41072,MN 4,,16.9,15.97,31402
837695,occ,,,71873,Felis,genus,41055,MN 4,,16.9,15.97,31402
838776,occ,,,93103,Smilodon fatalis,species,46515,Late Pleistocene,,0.126,0.0117,3185
838777,occ,,,93103,Miracinonyx inexpectatus,species,45365,Late Pleistocene,,0.126,0.0117,3185
838778,occ,,,93103,Lynx rufus,species,46528,Late Pleistocene,,0.126,0.0117,3185
839001,occ,,,79919,Smilodon fatalis,species,46515,Irvingtonian,,1.8,0.3,31468
839002,occ,,,79919,Miracinonyx inexpectatus,species,45365,Irvingtonian,,1.8,0.3,31468
839073,occ,,,93141,Puma concolor,species,46513,Late Pleistocene,,0.126,0.0117,31472
839074,occ,,,93141,Lynx lynx,species,104160,Late Pleistocene,,0.126,0.0117,31472
839970,occ,22636,,93181,Miracinonyx studeri,species,46529,Late Pleistocene,,0.126,0.0117,3553
839971,occ,,,93181,Panthera leo atrox,subspecies,46509,Late Pleistocene,,0.126,0.0117,31486
840116,occ,,,93182,Homotherium serum,species,45759,Late Pleistocene,,0.126,0.0117,31487
841088,occ,,,93235,Smilodon populator,species,51618,Late Pleistocene,Holocene,0.126,0,31515
841151,occ,,,93244,Panthera leo atrox,subspecies,46509,Late Pleistocene,,0.126,0.0117,31520
841164,occ,,,93246,Smilodon,genus,41079,Late Pleistocene,,0.126,0.0117,31522
841195,occ,,,93250,Puma concolor,species,46513,Late Pleistocene,,0.126,0.0117,31524
841232,occ,,,93252,Panthera onca,species,46524,Late Pleistocene,Holocene,0.126,0,31526
841238,occ,,,93253,Lynx rufus,species,46528,Pleistocene,,2.588,0.0117,31526
841248,occ,,,93257,Puma concolor,species,46513,Pleistocene,,2.588,0.0117,31531
841263,occ,,,93258,Lynx rufus,species,46528,Pleistocene,Holocene,2.588,0,31531
841387,occ,,,93277,Panthera leo atrox,subspecies,46509,Late Pleistocene,,0.126,0.0117,31561
841445,occ,,,93281,Puma concolor,species,46513,Late Pleistocene,,0.126,0.0117,31547
841446,occ,,,93281,Lynx rufus,species,46528,Late Pleistocene,,0.126,0.0117,31547
841545,occ,,,93277,Puma concolor,species,46513,Late Pleistocene,,0.126,0.0117,31561
841716,occ,,,93326,Smilodon fatalis,species,46515,Late Pleistocene,Holocene,0.126,0,31567
841717,occ,,,93326,Puma concolor,species,46513,Late Pleistocene,Holocene,0.126,0,31567
841718,occ,,,93326,Lynx rufus,species,46528,Late Pleistocene,Holocene,0.126,0,31567
841792,occ,,,93347,Leopardus wiedii,species,46532,Late Pleistocene,Holocene,0.126,0,31584
841793,occ,,,93342,Leopardus wiedii,species,46532,Late Pleistocene,Holocene,0.126,0,31584
841794,occ,,,93343,Leopardus wiedii,species,46532,Late Pleistocene,Holocene,0.126,0,31584
841795,occ,,,93345,Lynx rufus,species,46528,Late Pleistocene,Holocene,0.126,0,31584
841899,occ,,,93372,Panthera onca,species,46524,Pleistocene,,2.588,0.0117,31594
841900,occ,,,93373,Panthera onca,species,46524,Pleistocene,,2.588,0.0117,31594
841962,occ,,,93374,Puma concolor,species,46513,Late Pleistocene,Holocene,0.126,0,31595
842000,occ,,,93379,Puma concolor,species,46513,Late Pleistocene,,0.126,0.0117,31599
842437,occ,,,93520,Panthera,genus,41066,Early Pleistocene,,2.588,0.781,31625
842447,occ,,,93521,Prionailurus bengalensis,species,233947,Early Pleistocene,,2.588,0.781,31625
842448,occ,,,93521,Panthera tigris,species,104157,Early Pleistocene,,2.588,0.781,31625
842463,occ,,,93522,Panthera tigris,species,104157,Early Pleistocene,,2.588,0.781,31625
842482,occ,,,93523,Panthera tigris,species,104157,Late Pleistocene,,0.126,0.0117,31625
842496,occ,,,93524,Panthera tigris,species,104157,Late Pleistocene,,0.126,0.0117,31625
842589,occ,,,93528,Lynx,genus,41058,Late Pleistocene,,0.126,0.0117,31647
842868,occ,,,93557,Homotherium serum,species,45759,Pleistocene,,2.588,0.0117,31687
847925,occ,,,94328,Panthera leo,species,46521,Early Pleistocene,Late Pleistocene,2.588,0.0117,32076
856575,occ,,,95150,Dinofelis,genus,41052,Late Pliocene,,3.6,2.588,32407
856576,occ,,,95150,Megantereon whitei,species,92246,Late Pliocene,,3.6,2.588,32407
856577,occ,,,95150,Felis silvestris,species,224042,Late Pliocene,,3.6,2.588,32407
872690,occ,,,96718,Panthera,genus,41066,Pleistocene,,2.588,0.0117,32997
872909,occ,,,96782,Panthera leo,species,46521,Late Pleistocene,,0.126,0.0117,33015
874997,occ,,,96973,Felis libyca,species,224043,Holocene,,0.0117,0,33119
874998,occ,,,96973,Felis,genus,41055,Holocene,,0.0117,0,33119
874999,occ,,,96973,Panthera pardus,species,104158,Holocene,,0.0117,0,33119
879774,occ,,,19542,Pseudaelurus intrepidus,species,51143,Barstovian,,15.97,13.6,33296
888580,occ,,,98313,Smilodon gracilis,species,51615,Blancan,Irvingtonian,4.9,0.3,33964
888583,occ,,,98313,Xenosmilus hodsonae,species,176105,Blancan,Irvingtonian,4.9,0.3,33964
906503,occ,,,101897,Panthera tigris,species,104157,Late Pleistocene,,0.126,0.0117,34644
906591,occ,,,101899,Panthera tigris,species,104157,Late Pleistocene,,0.126,0.0117,34644
908649,occ,,,96989,Machairodus,genus,41059,Zanclean,,5.333,3.6,34762
908650,occ,,,102369,Machairodus,genus,41059,Zanclean,,5.333,3.6,34762
914845,occ,,,20351,Xenosmilus hodsonae,species,176105,Irvingtonian,,1.8,0.3,35009
915710,occ,,,104758,Lynx rufus,species,46528,Late Pleistocene,,0.126,0.0117,34884
919163,occ,,,104033,Panthera leo atrox,subspecies,46509,Holocene,,0.0117,0,1461
919300,occ,,,104044,Lynx,genus,41058,Late Pleistocene,Holocene,0.126,0,1461
919457,occ,,,104675,Puma concolor,species,46513,Holocene,,0.0117,0,1461
919458,occ,,,104675,Lynx rufus,species,46528,Holocene,,0.0117,0,1461
919479,occ,,,74143,Panthera leo atrox,subspecies,46509,Pleistocene,,2.588,0.0117,1461
919491,occ,,,104679,Lynx,genus,41058,Late Pleistocene,,0.126,0.0117,1461
919495,occ,,,104680,Panthera leo atrox,subspecies,46509,Late Pleistocene,Holocene,0.126,0,1461
934381,occ,,,82258,Lynx,genus,41058,Late Pleistocene,,0.126,0.0117,35381
935491,occ,,,82530,Panthera,genus,41066,Late Pleistocene,,0.126,0.0117,35842
935933,occ,,,107875,Felis domesticus,species,231413,Late Pleistocene,,0.126,0.0117,35863
945326,occ,,,55533,Felis,genus,41055,Holocene,,0.0117,0,36257
945341,occ,,,109703,Panthera leo,species,46521,Late Pleistocene,,0.126,0.0117,36257
945354,occ,,,109704,Lynx lynx,species,104160,Middle Pleistocene,,0.781,0.126,36257
970678,occ,,,21709,Panthera leo,species,46521,Late Pleistocene,,0.126,0.0117,37298
970711,occ,,,59167,Caracal caracal,species,224076,Messinian,Piacenzian,7.246,2.588,37298
970712,occ,,,59167,Dinofelis,genus,41052,Messinian,Piacenzian,7.246,2.588,37298
970742,occ,,,115166,Machairodus,genus,41059,Messinian,Piacenzian,7.246,2.588,37298
970767,occ,,,21711,Panthera leo,species,46521,Pleistocene,Holocene,2.588,0,37298
970768,occ,,,21711,Megantereon,genus,41060,Pleistocene,Holocene,2.588,0,37298
970829,occ,,,115167,Felis libyca,species,224043,Late Pleistocene,,0.126,0.0117,37301
970919,occ,,,115184,Felis libyca,species,224043,Late Pleistocene,,0.126,0.0117,37303
970920,occ,,,115184,Panthera leo,species,46521,Late Pleistocene,,0.126,0.0117,37303
971093,occ,,,115205,Felis libyca,species,224043,Pleistocene,,2.588,0.0117,37314
971094,occ,,,115205,Caracal caracal,species,224076,Pleistocene,,2.588,0.0117,37314
971305,occ,,,21709,Panthera leo,species,46521,Late Pleistocene,,0.126,0.0117,37332
973242,occ,,,115623,Panthera,genus,41066,MN 14,,4.9,4.2,37384
973719,occ,,,93828,Panthera leo,species,46521,Late Pleistocene,,0.126,0.0117,37407
978932,occ,,,21713,Machairodus,genus,41059,Late Pliocene,,3.6,2.588,4809
978933,occ,,,21713,Homotherium,genus,41056,Late Pliocene,,3.6,2.588,4809
978934,occ,,,21713,Felis,genus,41055,Late Pliocene,,3.6,2.588,4809
978935,occ,,,21713,Felis obscura,species,199989,Late Pliocene,,3.6,2.588,4809
978936,occ,,,21713,Dinofelis,genus,41052,Late Pliocene,,3.6,2.588,4809
997982,occ,,,120834,Felis,genus,41055,Middle Pleistocene,,0.781,0.126,38591
997983,occ,,,120834,Panthera tigris,species,104157,Middle Pleistocene,,0.781,0.126,38591
1012546,occ,,,123831,Smilodon populator,species,51618,Pleistocene,,2.588,0.0117,39739
1021250,occ,,,125085,Smilodon gracilis,species,51615,Late Pleistocene,,0.126,0.0117,40558
1021251,occ,,,125085,Smilodon fatalis,species,46515,Late Pleistocene,,0.126,0.0117,40558
1028907,occ,,,123875,Smilodon fatalis,species,46515,Pleistocene,,2.588,0.0117,40558
1028908,occ,,,123875,Smilodon gracilis,species,51615,Pleistocene,,2.588,0.0117,40558
1028956,occ,,,124319,Lynx rufus,species,46528,Pleistocene,,2.588,0.0117,40654
1034063,occ,,,126660,Felis,genus,41055,Pleistocene,,2.588,0.0117,41113
1034202,occ,,,20302,Miracinonyx inexpectatus,species,45365,Irvingtonian,,1.8,0.3,41080
1034203,occ,,,20302,Panthera leo atrox,subspecies,46509,Irvingtonian,,1.8,0.3,41080
1074840,occ,,,133630,Smilodon,genus,41079,Middle Pleistocene,Late Pleistocene,0.781,0.0117,43044
1074877,occ,,,133644,Felis platensis,species,247633,Pleistocene,,2.588,0.0117,43044
1074878,occ,,,133644,Panthera onca,species,46524,Pleistocene,,2.588,0.0117,43044
1074879,occ,,,133644,Smilodon,genus,41079,Pleistocene,,2.588,0.0117,43044
1087317,occ,,,136420,Leopardus pardalis,species,46525,Late Pleistocene,Holocene,0.126,0,43594
1087320,occ,,,136498,Smilodon populator,species,51618,Late Pleistocene,Holocene,0.126,0,43594
1087321,occ,,,136498,Leopardus pardalis,species,46525,Late Pleistocene,Holocene,0.126,0,43594
1087322,occ,,,136498,Puma concolor,species,46513,Late Pleistocene,Holocene,0.126,0,43594
1087323,occ,,,136498,Panthera onca,species,46524,Late Pleistocene,Holocene,0.126,0,43594
1087326,occ,,,136499,Smilodon populator,species,51618,Late Pleistocene,Holocene,0.126,0,43594
1087330,occ,,,71313,Panthera onca,species,46524,Late Pleistocene,Holocene,0.126,0,43594
1089561,occ,,,92814,Panthera onca,species,46524,Pleistocene,Holocene,2.588,0,43780
1089562,occ,,,92814,Leopardus braccatus,species,251952,Pleistocene,Holocene,2.588,0,43780
1091844,occ,,,48325,Pseudaelurus quadridentatus,species,53604,MN 5,,15.97,13.65,43885
1106778,occ,,,115191,Felis silvestris,species,224042,Pleistocene,,2.588,0.0117,45190
1106779,occ,,,115191,Caracal caracal,species,224076,Pleistocene,,2.588,0.0117,45190
1106780,occ,,,115191,Panthera pardus,species,104158,Pleistocene,,2.588,0.0117,45190
1115208,occ,,,141367,Puma concolor,species,46513,Late Pleistocene,,0.126,0.0117,45971
1115209,occ,,,141367,Panthera onca,species,46524,Late Pleistocene,,0.126,0.0117,45971
1118505,occ,,,142016,Felis platensis,species,247633,Early Pleistocene,,2.588,0.781,46109
1118506,occ,,,142016,Smilodon populator,species,51618,Early Pleistocene,,2.588,0.781,46109
1119340,occ,,,142158,Smilodon,genus,41079,Late Pleistocene,,0.126,0.0117,46178
1137414,occ,,,144977,Homotherium venezuelensis,species,268531,Early Pleistocene,Middle Pleistocene,2.588,0.126,46869
1137415,occ,,,144977,Smilodon gracilis,species,51615,Early Pleistocene,Middle Pleistocene,2.588,0.126,46869
1139436,occ,,,144976,Smilodon,genus,41079,Late Pleistocene,,0.126,0.0117,46836
1139437,occ,,,144976,Panthera leo atrox,subspecies,46509,Late Pleistocene,,0.126,0.0117,46836
1142037,occ,,,145500,Panthera,genus,41066,Lujanian,,0.781,0.012,46859
1142038,occ,,,145500,Smilodon,genus,41079,Lujanian,,0.781,0.012,46859
1149015,occ,,,21725,Pseudaelurus africanus,species,272280,Early Miocene,,23.03,15.97,47344
1149201,occ,,,21726,Pseudaelurus africanus,species,272280,Early Miocene,,23.03,15.97,47344
1149229,occ,,,146600,Pseudaelurus africanus,species,272280,Early Miocene,,23.03,15.97,47344
1149276,occ,,,59839,Machairodus kabir,species,272315,Messinian,,7.246,5.333,47358
1153831,occ,,,147609,Panthera onca,species,46524,Pleistocene,Holocene,2.588,0,47532
1153832,occ,,,147609,Smilodon populator,species,51618,Pleistocene,Holocene,2.588,0,47532
1155366,occ,,,147999,Smilodon,genus,41079,Ensenadan,,1.2,0.781,47573
1155367,occ,,,147999,Smilodon,genus,41079,Ensenadan,,1.2,0.781,47573
1155368,occ,,,147999,Smilodon,genus,41079,Ensenadan,,1.2,0.781,47573
1155369,occ,,,147999,Smilodon,genus,41079,Ensenadan,,1.2,0.781,47573
1155903,occ,,,147815,Panthera onca,species,46524,Pleistocene,Holocene,2.588,0,47558
1156363,occ,,,148309,Leopardus tigrinus,species,224074,Late Pleistocene,Holocene,0.126,0,47592
1156364,occ,,,148309,Smilodon populator,species,51618,Late Pleistocene,Holocene,0.126,0,47592
1156820,occ,,,148395,Pseudaelurus lorteti,species,96582,Langhian,,15.97,13.82,47649
1156840,occ,,,148396,Pseudaelurus turnauensis,species,136632,Langhian,,15.97,13.82,47649
1156841,occ,,,148396,Pseudaelurus lorteti,species,96582,Langhian,,15.97,13.82,47649
1156864,occ,,,148397,Smilodon populator,species,51618,Holocene,,0.0117,0,47605
1156878,occ,,,148401,Pseudaelurus,genus,41072,Langhian,,15.97,13.82,47649
1156879,occ,,,148401,Pseudaelurus lorteti,species,96582,Langhian,,15.97,13.82,47649
1156895,occ,,,148401,Pseudaelurus romieviensis,species,136633,Langhian,,15.97,13.82,47649
1178877,occ,,,18365,Machairodus catocopis,species,47841,Hemphillian,,10.3,4.9,48545
1178878,occ,,,18415,Machairodus catocopis,species,47841,Hemphillian,,10.3,4.9,48545
1178879,occ,,,18111,Amphimachairodus coloradensis,species,47842,Hemphillian,,10.3,4.9,48545
1178880,occ,,,18496,Nimravides pedionomus,species,51145,Clarendonian,,13.6,10.3,48545
1178881,occ,,,18497,Machairodus catocopis,species,47841,Hemphillian,,10.3,4.9,48545
1179080,occ,,,145508,Panthera onca,species,46524,Pleistocene,,2.588,0.0117,46859
1179087,occ,,,145576,Puma,genus,41073,Pleistocene,,2.588,0.0117,46859
1179856,occ,,,152009,Panthera leo atrox,subspecies,46509,Rancholabrean,,0.3,0.012,48679
1181698,occ,,,152265,Panthera blytheae,species,282559,Late Miocene,Early Pliocene,11.608,3.6,48969
1181699,occ,,,152266,Panthera blytheae,species,282559,Late Miocene,Early Pliocene,11.608,3.6,48969
1181700,occ,,,152267,Panthera blytheae,species,282559,Late Miocene,Early Pliocene,11.608,3.6,48969
1183554,occ,,,152598,Homotherium,genus,41056,Pliocene,,5.333,2.588,48828
1183557,occ,,,152598,Dinofelis,genus,41052,Pliocene,,5.333,2.588,48828
1185080,occ,,,152904,Smilodon fatalis,species,46515,Pleistocene,,2.588,0.0117,49269
1185082,occ,,,152904,Miracinonyx inexpectatus,species,45365,Pleistocene,,2.588,0.0117,49269
1185320,occ,,,60263,Machairodus,genus,41059,Serravallian,,13.82,11.62,24838
1186222,occ,,,152598,Lynx,genus,41058,Pliocene,,5.333,2.588,15259
1186223,occ,,,152598,Puma,genus,41073,Pliocene,,5.333,2.588,15259
1189480,occ,,,151910,Machairodus,genus,41059,Turolian,,8.7,5.333,48740
1189481,occ,,,151910,Felis,genus,41055,Turolian,,8.7,5.333,48740
1189482,occ,,,151910,Paramachaerodus,genus,41067,Turolian,,8.7,5.333,48740
1190510,occ,,,153676,Smilodon,genus,41079,Late Pleistocene,,0.126,0.0117,49752
1195620,occ,,,18541,Machairodus,genus,41059,Clarendonian,Hemphillian,13.6,4.9,10101
1196142,occ,,,154722,Smilodon fatalis,species,46515,Late Pleistocene,,0.126,0.0117,50316
1196143,occ,,,154722,Lynx rufus,species,46528,Late Pleistocene,,0.126,0.0117,50316
1196144,occ,,,154722,Panthera onca,species,46524,Late Pleistocene,,0.126,0.0117,50316
1196145,occ,,,154722,Panthera leo atrox,subspecies,46509,Late Pleistocene,,0.126,0.0117,50316
1196146,occ,,,154722,Puma concolor,species,46513,Late Pleistocene,,0.126,0.0117,50316
1196360,occ,,,18535,Felis rexroadensis,species,46527,Zanclean,,5.333,3.6,50333
1196361,occ,,,18535,Amphimachairodus coloradensis,species,47842,Zanclean,,5.333,3.6,50333
1196401,occ,,,154771,Lynx rufus,species,46528,Late Pleistocene,,0.126,0.0117,50335
1196402,occ,,,154771,Lynx,genus,41058,Late Pleistocene,,0.126,0.0117,50335
1196403,occ,,,154771,Panthera onca,species,46524,Late Pleistocene,,0.126,0.0117,50335
1196404,occ,,,154771,Miracinonyx inexpectatus,species,45365,Late Pleistocene,,0.126,0.0117,50335
1196405,occ,,,154771,Smilodon fatalis,species,46515,Late Pleistocene,,0.126,0.0117,50335
1196550,occ,,,74292,Miracinonyx inexpectatus,species,45365,Late Pleistocene,,0.126,0.0117,50339
1196551,occ,,,74292,Felis,genus,41055,Late Pleistocene,,0.126,0.0117,50339
1196552,occ,,,74292,Lynx rufus,species,46528,Late Pleistocene,,0.126,0.0117,50339
1196553,occ,,,74292,Panthera onca,species,46524,Late Pleistocene,,0.126,0.0117,50339
1196554,occ,,,74292,Smilodon fatalis,species,46515,Late Pleistocene,,0.126,0.0117,50339
1196893,occ,,,154804,Panthera onca,species,46524,Late Pleistocene,,0.126,0.0117,50371
1196894,occ,,,154804,Lynx rufus,species,46528,Late Pleistocene,,0.126,0.0117,50371
1196945,occ,,,154805,Lynx rufus,species,46528,Late Pleistocene,,0.126,0.0117,2451
1196946,occ,,,154805,Panthera onca,species,46524,Late Pleistocene,,0.126,0.0117,2451
1196947,occ,,,154805,Smilodon fatalis,species,46515,Late Pleistocene,,0.126,0.0117,2451
1201176,occ,,,155393,Lynx,genus,41058,Late Pleistocene,,0.126,0.0117,50711
1201223,occ,,,155393,Panthera leo,species,46521,Late Pleistocene,,0.126,0.0117,50713
1201227,occ,,,155393,Puma concolor,species,46513,Late Pleistocene,,0.126,0.0117,50713
1201314,occ,,,155409,Smilodon,genus,41079,Late Pleistocene,,0.126,0.0117,50720
1201315,occ,,,155409,Puma concolor,species,46513,Late Pleistocene,,0.126,0.0117,50720
1201316,occ,,,155409,Felis,genus,41055,Late Pleistocene,,0.126,0.0117,50720
1207941,occ,,,156738,Pseudaelurus marshi,species,51144,Early Barstovian,early Late Barstovian,15.97,13.6,51388
1212772,occ,,,157582,Metailurus,genus,41062,Turolian,,8.7,5.333,51833
1217008,occ,,,150336,Puma concolor,species,46513,Rancholabrean,,0.3,0.012,2573
1217236,occ,,,17920,Pseudaelurus validus,species,51148,Hemingfordian,,20.43,15.97,52057
1217237,occ,,,17980,Pseudaelurus validus,species,51148,Hemingfordian,,20.43,15.97,52057
1217238,occ,,,17955,Pseudaelurus validus,species,51148,Hemingfordian,,20.43,15.97,52057
1217239,occ,,,17911,Pseudaelurus validus,species,51148,Hemingfordian,,20.43,15.97,52057
1217240,occ,,,17975,Pseudaelurus validus,species,51148,Hemingfordian,,20.43,15.97,52057
1217241,occ,,,17905,Pseudaelurus validus,species,51148,Barstovian,,15.97,13.6,52057
1226562,occ,,,161194,Panthera leo atrox,subspecies,46509,Pleistocene,,2.588,0.0117,52516
1231896,occ,,,162128,Lynx rufus,species,46528,Late Pleistocene,,0.126,0.0117,52801
1231933,occ,,,162133,Puma concolor,species,46513,Holocene,,0.0117,0,52801
1237487,occ,,,20479,Uncia mercerii,species,52587,Irvingtonian,,1.8,0.3,54070
1241444,occ,,,19498,Pseudaelurus,genus,41072,Barstovian,,15.97,13.6,53351
1263761,occ,,,13297,Pseudaelurus intrepidus,species,51143,Langhian,,15.97,13.82,33296
1274594,occ,,,19610,Paramachaerodus,genus,41067,Late Hemphillian,,10.3,4.9,55327
1303403,occ,,,17983,Pseudaelurus,genus,41072,Hemingfordian,,20.43,15.97,56894
1304674,occ,,,20075,Miracinonyx studeri,species,46529,Blancan,,4.9,1.8,57025
1304675,occ,,,20075,Felis lacustris,species,46520,Blancan,,4.9,1.8,57025
1308489,occ,,,175523,Felis,genus,41055,Holocene,,0.0117,0,57380
1310564,occ,,,175903,Amphimachairodus,genus,280635,Late Miocene,,11.608,5.333,57643
1315332,occ,,,176525,Felis,genus,41055,Holocene,,0.0117,0,58111
1317391,occ,,,17976,Pseudaelurus marshi,species,51144,Early Barstovian,,15.97,13.6,58390
1317392,occ,,,17976,Pseudaelurus stouti,species,47825,Early Barstovian,,15.97,13.6,58390
1348472,occ,,,182709,Felis silvestris,species,224042,Late Pleistocene,Holocene,0.126,0,60903
1348473,occ,,,182709,Lynx lynx,species,104160,Late Pleistocene,Holocene,0.126,0,60903
1348585,occ,,,182745,Machairodus,genus,41059,Late Miocene,,11.608,5.333,60908
1348664,occ,,,182750,Felis,genus,41055,Late Miocene,,11.608,5.333,60908
1348665,occ,,,182750,Machairodus,genus,41059,Late Miocene,,11.608,5.333,60908
1348704,occ,,,182754,Drepanodon,genus,45918,Late Miocene,,11.608,5.333,60922
1350572,occ,,,183123,Panthera leo,species,46521,Pleistocene,,2.588,0.0117,61122
1350573,occ,,,183123,Felis silvestris,species,224042,Pleistocene,,2.588,0.0117,61122
1350745,occ,,,183152,Dinofelis,genus,41052,Early Pleistocene,,2.588,0.781,61133
1350746,occ,,,183152,Dinofelis,genus,41052,Early Pleistocene,,2.588,0.781,61133
1350747,occ,,,183152,Dinofelis,genus,41052,Early Pleistocene,,2.588,0.781,61133
1350748,occ,,,183152,Megantereon whitei,species,92246,Early Pleistocene,,2.588,0.781,61133
1350750,occ,,,183152,Panthera pardus,species,104158,Early Pleistocene,,2.588,0.781,61133
1350751,occ,,,183152,Panthera pardus,species,104158,Early Pleistocene,,2.588,0.781,61133
1350752,occ,,,183152,Panthera,genus,41066,Early Pleistocene,,2.588,0.781,61133
1350753,occ,,,183152,Caracal caracal,species,224076,Early Pleistocene,,2.588,0.781,61133
1350754,occ,,,183152,Felis silvestris,species,224042,Early Pleistocene,,2.588,0.781,61133
1352674,occ,,,20327,Miracinonyx,genus,257652,Irvingtonian,,1.8,0.3,61249
1352675,occ,,,20327,Panthera,genus,41066,Irvingtonian,,1.8,0.3,61249
1352676,occ,,,20327,Lynx rufus,species,46528,Irvingtonian,,1.8,0.3,61249
1355155,occ,,,183982,Felis,genus,41055,Baodean,,11.1,4.9,61467
1356049,occ,,,184130,Drepanodon,genus,45918,Neogene,,23.03,2.588,61526
1356826,occ,,,184245,Lynx lynx,species,104160,Late Pleistocene,,0.126,0.0117,61580
1356827,occ,,,184245,Felis silvestris,species,224042,Late Pleistocene,,0.126,0.0117,61580
1357399,occ,,,184368,Amphimachairodus giganteus,species,280637,Late Miocene,,11.608,5.333,61766
